 268 235 276 195 250 278 283 321 194 0 0 0 0 0
 168 87 94 107 99 107 125 156 108 0 0 0 0 0
 127 51 86 64 72 105 109 112 70 0 0 0 0 0
 250 96 103 118 69 122 246 217 135 0 0 0 0 0
 245 471 315 14 8 218 208 296 244 0 0 0 0 0
 86 111 101 105 124 137 115 131 92 0 0 0 0 0
 220 134 138 128 132 162 186 195 91 0 0 0 0 0
 91 69 75 70 75 55 71 74 38 0 0 0 0 0
 314 248 212 199 247 211 294 294 215 0 0 0 0 0
 116 61 78 115 86 87 101 93 123 0 0 0 0 0
 65 94 96 101 94 85 73 93 109 0 0 0 0 0
 111 46 45 67 89 96 111 105 67 0 0 0 0 0
 259 287 290 239 241 243 220 241 239 0 0 0 0 0
 59 71 68 69 70 62 69 80 69 0 0 0 0 0
 229 123 134 126 131 153 200 201 134 0 0 0 0 0
 89 56 50 51 60 68 62 62 55 0 0 0 0 0
 158 114 117 124 102 119 138 131 99 0 0 0 0 0
 91 87 79 88 114 92 161 140 105 0 0 0 0 0
 253 165 155 90 155 164 186 233 143 0 0 0 0 0
 123 161 171 138 159 144 148 143 175 0 0 0 0 0
 142 77 69 77 83 96 144 126 95 0 0 0 0 0
 160 141 148 166 135 178 169 164 163 0 0 0 0 0
 1 33 34 14 10 71 56 57 124 0 0 0 0 0
 237 95 98 114 113 82 103 130 69 0 0 0 0 0
 160 123 132 138 111 166 179 157 135 0 0 0 0 0
 158 67 55 64 71 69 131 149 72 0 0 0 0 0
 108 106 88 98 107 93 104 89 99 0 0 0 0 0
 128 99 77 81 86 104 107 140 79 0 0 0 0 0
 199 112 88 91 101 148 227 207 114 0 0 0 0 0
 114 83 64 86 88 101 88 99 94 0 0 0 0 0
 511 308 307 345 203 354 603 622 332 0 0 0 0 0
 104 427 393 455 452 419 181 89 441 0 0 0 0 0
 80 68 69 84 73 62 121 107 62 0 0 0 0 0
 461 371 372 377 326 468 614 530 377 0 0 0 0 0
 222 117 172 127 571 116 172 215 129 0 0 0 0 0
 92 59 71 60 67 50 78 88 65 0 0 0 0 0
 360 199 225 189 215 226 287 327 196 0 0 0 0 0
 72 121 127 130 116 106 63 60 96 0 0 0 0 0
 408 299 234 137 228 211 266 344 210 0 0 0 0 0
 121 75 111 51 79 85 102 113 81 0 0 0 0 0
 379 175 184 147 167 202 342 389 179 0 0 0 0 0
 86 82 56 86 87 90 90 96 62 0 0 0 0 0
 107 60 87 77 101 137 102 144 93 0 0 0 0 0
 323 253 217 191 239 295 392 343 275 0 0 0 0 0
 54 29 36 32 33 37 53 61 34 0 0 0 0 0
 197 211 163 145 187 173 165 167 163 0 0 0 0 0
 102 150 161 195 152 167 73 81 127 0 0 0 0 0
 641 349 358 382 336 413 553 523 409 0 0 0 0 0
 732 501 425 349 405 418 588 629 532 0 0 0 0 0
 97 75 69 60 74 59 75 87 105 0 0 0 0 0
 44 77 69 73 76 90 42 33 84 0 0 0 0 0
 128 50 56 61 55 74 130 104 71 0 0 0 0 0
 121 127 130 118 124 140 123 104 113 0 0 0 0 0
 344 329 309 323 330 292 346 341 342 0 0 0 0 0
 426 345 341 319 346 401 410 374 338 0 0 0 0 0
 71 80 76 85 74 75 115 100 75 0 0 0 0 0
 253 267 274 434 297 375 239 280 237 0 0 0 0 0
 2122 1757 1619 1419 1656 1607 1980 1884 1611 0 0 0 0 0
 161 178 160 173 174 287 146 169 173 0 0 0 0 0
 147 171 153 166 150 202 212 218 203 0 0 0 0 0
 111 89 84 93 87 108 115 121 71 0 0 0 0 0
 99 103 101 83 80 97 123 156 107 0 0 0 0 0
 292 182 246 191 202 201 239 267 200 0 0 0 0 0
 109 166 167 192 168 151 136 115 171 0 0 0 0 0
 693 327 308 314 309 348 457 579 390 0 0 0 0 0
 97 70 58 79 78 103 89 102 73 0 0 0 0 0
 86 64 60 64 36 70 107 99 55 0 0 0 0 0
 57 64 51 71 54 56 62 64 66 0 0 0 0 0
 136 109 93 116 118 159 147 129 102 0 0 0 0 0
 84 61 54 64 64 79 112 103 58 0 0 0 0 0
 137 238 180 170 142 149 190 189 170 0 0 0 0 0
 644 521 488 482 472 543 375 411 687 0 0 0 0 0
 119 96 114 84 100 115 101 123 102 0 0 0 0 0
 133 118 122 116 108 122 138 166 113 0 0 0 0 0
 77 78 117 82 60 86 101 129 84 0 0 0 0 0
 55 70 43 36 53 62 138 83 45 0 0 0 0 0
 149 157 145 136 152 130 101 138 112 0 0 0 0 0
 50 61 57 57 59 60 60 71 64 0 0 0 0 0
 83 154 175 135 157 161 59 57 177 0 0 0 0 0
 79 73 69 71 79 69 80 86 87 0 0 0 0 0
 135 137 125 74 107 20 66 100 87 0 0 0 0 0
 84 121 109 132 110 121 106 117 115 0 0 0 0 0
 220 114 126 122 143 154 226 213 119 0 0 0 0 0
 298 162 200 170 153 215 355 299 179 0 0 0 0 0
 114 72 70 65 56 84 141 127 62 0 0 0 0 0
 186 128 117 124 135 115 183 158 122 0 0 0 0 0
 21 144 135 133 141 116 29 31 125 0 0 0 0 0
 717 471 507 569 558 584 710 729 544 0 0 0 0 0
 56 61 65 63 70 70 232 107 73 0 0 0 0 0
 383 204 228 158 175 275 448 451 193 0 0 0 0 0
 118 106 88 90 84 89 119 124 85 0 0 0 0 0
 201 111 120 116 127 164 233 173 139 0 0 0 0 0
 94 185 187 194 206 173 127 94 183 0 0 0 0 0
 76 89 89 144 89 99 104 83 86 0 0 0 0 0
 100 136 126 121 115 145 130 109 150 0 0 0 0 0
 174 126 123 167 124 189 158 174 149 0 0 0 0 0
 193 203 194 52 166 196 197 247 270 0 0 0 0 0
 79 88 91 80 76 80 123 107 76 0 0 0 0 0
 56 79 77 70 76 80 58 79 81 0 0 0 0 0
 280 385 399 418 433 442 413 296 443 0 0 0 0 0
 190 159 142 143 133 138 220 219 165 0 0 0 0 0
 144 147 135 109 125 125 131 128 121 0 0 0 0 0
 65 63 64 76 57 59 80 73 58 0 0 0 0 0
 86 101 119 119 110 122 126 85 117 0 0 0 0 0
 211 80 86 75 88 122 181 178 104 0 0 0 0 0
 65 73 79 63 68 67 55 53 72 0 0 0 0 0
 181 71 71 72 62 120 262 198 73 0 0 0 0 0
 142 101 96 84 95 121 135 144 90 0 0 0 0 0
 98 124 107 122 109 102 94 108 90 0 0 0 0 0
 121 138 153 154 103 146 149 123 114 0 0 0 0 0
 77 72 52 70 76 77 111 78 78 0 0 0 0 0
 145 120 119 115 104 120 169 185 117 0 0 0 0 0
 115 106 160 196 140 178 99 137 165 0 0 0 0 0
 590 626 629 615 679 837 527 512 611 0 0 0 0 0
 463 532 521 474 318 359 311 318 332 0 0 0 0 0
 405 573 512 528 517 411 329 373 472 0 0 0 0 0
 323 148 194 158 166 193 333 301 149 0 0 0 0 0
 28 83 87 89 76 70 20 24 87 0 0 0 0 0
 115 54 64 56 48 71 107 99 72 0 0 0 0 0
 423 280 283 258 265 255 296 369 271 0 0 0 0 0
 113 126 109 109 69 101 104 121 66 0 0 0 0 0
 79 50 54 57 73 77 64 81 55 0 0 0 0 0
 112 104 75 87 41 94 116 86 86 0 0 0 0 0
 593 399 424 355 367 342 458 486 417 0 0 0 0 0
 46 49 25 33 39 53 44 43 40 0 0 0 0 0
 105 120 117 120 116 120 106 97 143 0 0 0 0 0
 118 69 47 59 59 55 80 91 58 0 0 0 0 0
 150 77 78 102 107 98 137 130 89 0 0 0 0 0
 293 160 172 156 193 179 447 429 193 0 0 0 0 0
 323 352 309 241 306 288 356 364 269 0 0 0 0 0
 54 80 35 51 44 45 48 68 64 0 0 0 0 0
 84 44 55 57 52 101 171 140 72 0 0 0 0 0
 76 110 97 106 111 120 91 85 124 0 0 0 0 0
 394 457 433 431 429 341 348 395 423 0 0 0 0 0
 219 185 167 137 159 158 212 170 158 0 0 0 0 0
 97 130 106 108 127 160 104 104 145 0 0 0 0 0
 62 92 94 94 103 109 86 106 88 0 0 0 0 0
 280 305 324 288 403 376 319 260 302 0 0 0 0 0
 138 48 57 61 69 110 173 136 76 0 0 0 0 0
 166 332 361 355 338 419 195 174 297 0 0 0 0 0
 84 46 48 34 34 47 71 70 38 0 0 0 0 0
 186 462 392 489 448 427 147 170 440 0 0 0 0 0
 97 113 128 134 144 125 134 125 154 0 0 0 0 0
 214 110 92 71 88 91 166 208 95 0 0 0 0 0
 83 76 82 84 77 81 89 79 81 0 0 0 0 0
 773 513 435 460 407 516 722 755 539 0 0 0 0 0
 126 144 154 136 132 144 100 89 108 0 0 0 0 0
 80 63 67 76 61 85 74 72 84 0 0 0 0 0
 277 231 170 201 195 211 535 368 233 0 0 0 0 0
 92 68 58 72 50 65 123 105 55 0 0 0 0 0
 63 86 102 112 105 169 64 59 111 0 0 0 0 0
 94 55 71 81 78 80 91 87 74 0 0 0 0 0
 83 78 66 67 71 63 118 97 82 0 0 0 0 0
 77 110 114 120 122 109 83 69 129 0 0 0 0 0
 188 160 144 206 180 160 185 210 137 0 0 0 0 0
 174 144 145 126 121 134 159 158 138 0 0 0 0 0
 142 99 82 86 69 97 154 117 93 0 0 0 0 0
 60 71 71 76 68 71 67 63 69 0 0 0 0 0
 108 76 56 67 66 73 118 103 79 0 0 0 0 0
 103 307 323 279 288 284 113 97 263 0 0 0 0 0
 145 154 100 105 154 142 88 139 154 0 0 0 0 0
 65 85 110 104 94 88 100 64 72 0 0 0 0 0
 146 82 84 62 87 68 120 107 67 0 0 0 0 0
 133 194 202 228 236 242 154 138 212 0 0 0 0 0
 144 112 93 65 78 122 156 158 91 0 0 0 0 0
 121 45 59 66 59 76 143 138 55 0 0 0 0 0
 147 191 172 209 161 150 178 149 163 0 0 0 0 0
 98 120 108 107 110 93 97 126 112 0 0 0 0 0
 243 127 145 122 117 125 287 219 103 0 0 0 0 0
 102 47 75 71 66 84 152 146 82 0 0 0 0 0
 255 270 254 288 273 276 249 209 264 0 0 0 0 0
 319 148 167 184 122 210 339 304 184 0 0 0 0 0
 252 175 187 174 160 176 197 191 183 0 0 0 0 0
 242 245 212 211 193 177 176 204 228 0 0 0 0 0
 175 81 77 91 76 112 185 190 84 0 0 0 0 0
 131 78 65 64 77 96 137 108 72 0 0 0 0 0
 173 101 116 104 103 125 179 190 103 0 0 0 0 0
 124 99 83 74 72 56 77 101 56 0 0 0 0 0
 115 77 77 97 50 95 126 109 82 0 0 0 0 0
 486 272 271 175 283 270 314 402 287 0 0 0 0 0
 145 102 89 86 109 103 147 175 103 0 0 0 0 0
 92 56 42 51 59 55 73 59 43 0 0 0 0 0
 131 185 219 187 185 223 163 110 218 0 0 0 0 0
 111 81 98 102 103 90 137 127 93 0 0 0 0 0
 114 129 107 129 110 105 111 114 135 0 0 0 0 0
 273 131 147 150 156 157 223 236 139 0 0 0 0 0
 79 94 111 135 98 115 109 76 111 0 0 0 0 0
 144 105 139 59 93 92 98 112 97 0 0 0 0 0
 833 499 471 398 431 487 704 314 389 0 0 0 0 0
 64 51 52 48 66 93 77 65 42 0 0 0 0 0
 61 84 87 92 76 86 75 39 76 0 0 0 0 0
 116 43 45 58 58 46 119 134 67 0 0 0 0 0
 186 117 154 132 130 186 250 228 126 0 0 0 0 0
 24 53 39 46 40 49 29 27 46 0 0 0 0 0
 404 213 239 218 249 234 435 436 221 0 0 0 0 0
 144 65 64 84 43 162 229 275 71 0 0 0 0 0
 86 48 50 52 33 68 92 95 53 0 0 0 0 0
 70 120 116 127 120 112 84 65 128 0 0 0 0 0
 255 200 158 117 189 182 182 248 169 0 0 0 0 0
 368 205 211 138 197 232 449 399 195 0 0 0 0 0
 101 44 38 32 36 39 87 66 34 0 0 0 0 0
 172 169 186 223 223 189 73 44 185 0 0 0 0 0
 780 402 385 271 426 516 758 860 420 0 0 0 0 0
 94 125 159 151 140 144 104 120 112 0 0 0 0 0
 117 106 108 135 110 132 116 101 99 0 0 0 0 0
 122 82 84 85 83 77 100 107 78 0 0 0 0 0
 213 58 74 62 52 95 196 226 68 0 0 0 0 0
 201 117 105 101 78 119 126 139 86 0 0 0 0 0
 121 86 58 41 56 75 148 169 106 0 0 0 0 0
 186 121 132 102 107 158 183 193 111 0 0 0 0 0
 155 109 113 116 109 101 168 154 87 0 0 0 0 0
 127 62 85 56 43 78 150 117 69 0 0 0 0 0
 65 96 99 83 73 80 59 69 83 0 0 0 0 0
 106 53 39 55 65 59 88 115 54 0 0 0 0 0
 315 115 125 157 135 197 322 313 120 0 0 0 0 0
 43 51 59 40 37 59 40 58 51 0 0 0 0 0
 651 377 364 388 417 520 593 492 422 0 0 0 0 0
 14 74 53 67 53 63 23 22 60 0 0 0 0 0
 69 54 78 68 68 53 64 47 49 0 0 0 0 0
 62 132 126 110 116 135 83 83 128 0 0 0 0 0
 168 99 115 133 135 140 160 168 138 0 0 0 0 0
 31 37 37 48 37 42 35 34 29 0 0 0 0 0
 113 84 74 84 103 104 76 120 79 0 0 0 0 0
 21 99 75 78 90 88 28 18 72 0 0 0 0 0
 80 89 87 83 92 85 65 63 90 0 0 0 0 0
 212 203 207 190 166 213 208 197 202 0 0 0 0 0
 114 64 38 54 50 74 134 134 101 0 0 0 0 0
 83 79 56 39 74 50 71 73 47 0 0 0 0 0
 112 104 159 151 115 112 124 107 104 0 0 0 0 0
 86 77 84 76 61 65 79 80 70 0 0 0 0 0
 84 70 66 71 90 83 79 95 78 0 0 0 0 0
 77 61 76 76 81 61 72 62 76 0 0 0 0 0
 666 236 238 207 234 306 497 479 286 0 0 0 0 0
 201 155 156 166 147 192 208 190 160 0 0 0 0 0
 201 145 113 136 123 182 214 208 132 0 0 0 0 0
 87 91 68 76 105 100 81 122 78 0 0 0 0 0
 89 83 100 83 82 69 93 86 83 0 0 0 0 0
 77 85 66 78 87 98 108 78 86 0 0 0 0 0
 194 144 112 125 106 135 179 149 126 0 0 0 0 0
 268 310 306 325 371 384 302 277 285 0 0 0 0 0
 120 103 123 69 76 83 111 115 136 0 0 0 0 0
 70 89 86 99 114 71 53 80 76 0 0 0 0 0
 406 250 258 262 250 315 396 392 292 0 0 0 0 0
 229 211 267 277 246 241 155 165 212 0 0 0 0 0
 177 150 161 160 153 218 174 176 214 0 0 0 0 0
 109 26 28 31 30 38 191 77 29 0 0 0 0 0
 161 183 161 163 161 171 134 157 171 0 0 0 0 0
 73 64 63 58 72 82 69 90 76 0 0 0 0 0
 58 178 161 193 173 174 83 58 196 0 0 0 0 0
 111 75 78 65 73 82 97 142 87 0 0 0 0 0
 38 112 98 106 116 114 58 63 113 0 0 0 0 0
 267 210 187 244 218 193 295 245 213 0 0 0 0 0
 204 98 112 167 593 655 1508 1622 1599 0 0 0 0 0
 132 104 159 189 227 169 237 115 149 0 0 0 0 0
 73 77 87 107 93 97 69 71 81 0 0 0 0 0
 322 235 236 239 238 255 319 323 238 0 0 0 0 0
 88 96 79 92 77 104 91 67 88 0 0 0 0 0
 106 59 93 82 85 139 162 138 88 0 0 0 0 0
 89 87 77 55 85 91 78 75 81 0 0 0 0 0
 96 69 82 56 89 83 95 99 76 0 0 0 0 0
 193 90 129 115 95 124 211 177 115 0 0 0 0 0
 162 138 110 130 131 169 153 175 170 0 0 0 0 0
 122 103 123 116 113 113 129 119 122 0 0 0 0 0
 149 141 107 84 114 95 108 129 64 0 0 0 0 0
 229 187 172 155 176 191 231 211 194 0 0 0 0 0
 60 39 45 43 48 55 61 76 41 0 0 0 0 0
 117 96 112 117 103 103 107 76 95 0 0 0 0 0
 60 103 113 115 102 119 58 81 86 0 0 0 0 0
 95 134 115 111 116 81 86 81 110 0 0 0 0 0
 103 104 103 54 88 95 122 102 116 0 0 0 0 0
 55 54 74 51 68 48 54 59 67 0 0 0 0 0
 456 589 571 618 599 631 587 509 649 0 0 0 0 0
 160 112 110 98 117 154 192 201 179 0 0 0 0 0
 55 83 54 73 59 69 48 48 73 0 0 0 0 0
 567 624 709 746 704 649 585 571 674 0 0 0 0 0
 213 149 152 99 139 185 243 270 141 0 0 0 0 0
 106 55 65 34 61 84 148 170 58 0 0 0 0 0
 464 309 261 355 328 367 532 556 334 0 0 0 0 0
 628 474 425 455 462 508 626 653 468 0 0 0 0 0
 106 66 63 67 66 71 105 108 66 0 0 0 0 0
 255 172 153 168 182 216 242 249 133 0 0 0 0 0
 124 296 262 280 241 237 156 99 218 0 0 0 0 0
 203 206 170 158 457 479 766 661 627 0 0 0 0 0
 41 25 21 18 39 39 80 80 27 0 0 0 0 0
 289 275 259 268 274 429 230 257 305 0 0 0 0 0
 230 417 612 440 475 448 368 424 592 0 0 0 0 0
 303 249 230 208 237 267 307 283 233 0 0 0 0 0
 150 69 85 59 93 100 140 128 72 0 0 0 0 0
 75 50 51 44 61 57 87 84 51 0 0 0 0 0
 50 69 78 79 73 64 74 58 52 0 0 0 0 0
 54 137 151 134 146 99 58 49 162 0 0 0 0 0
 89 172 170 170 172 163 99 86 142 0 0 0 0 0
 187 171 185 241 201 201 185 218 211 0 0 0 0 0
 104 119 150 155 168 170 157 107 147 0 0 0 0 0
 88 81 67 40 74 34 104 102 48 0 0 0 0 0
 632 434 366 346 377 430 559 634 369 0 0 0 0 0
 311 355 293 280 362 222 226 291 219 0 0 0 0 0
 772 404 346 374 398 536 798 815 462 0 0 0 0 0
 321 236 194 149 222 239 304 320 217 0 0 0 0 0
 75 66 64 58 73 66 54 67 42 0 0 0 0 0
 89 58 71 94 75 60 94 82 57 0 0 0 0 0
 127 188 144 142 120 124 35 102 141 0 0 0 0 0
 106 57 59 39 55 80 148 123 57 0 0 0 0 0
 258 252 249 229 242 321 279 251 233 0 0 0 0 0
 165 123 103 170 131 156 214 173 141 0 0 0 0 0
 129 528 560 542 549 492 139 89 587 0 0 0 0 0
 137 92 83 86 79 86 124 125 68 0 0 0 0 0
 48 72 109 102 101 140 73 75 147 0 0 0 0 0
 105 177 173 174 190 170 142 94 150 0 0 0 0 0
 270 164 166 148 137 179 200 253 176 0 0 0 0 0
 13 105 109 110 144 138 40 13 116 0 0 0 0 0
 158 151 156 152 154 125 144 153 159 0 0 0 0 0
 289 575 571 595 586 546 347 40 481 0 0 0 0 0
 132 119 147 124 102 162 180 158 137 0 0 0 0 0
 178 185 197 180 182 169 247 187 193 0 0 0 0 0
 161 234 230 228 115 142 150 188 215 0 0 0 0 0
 130 41 52 51 64 46 117 128 62 0 0 0 0 0
 189 133 148 152 145 192 214 181 155 0 0 0 0 0
 240 219 242 158 204 211 253 261 283 0 0 0 0 0
 459 274 249 243 285 324 476 457 268 0 0 0 0 0
 135 148 143 125 157 142 117 110 128 0 0 0 0 0
 81 88 86 85 85 61 73 44 84 0 0 0 0 0
 176 194 187 199 215 207 224 200 160 0 0 0 0 0
 86 156 123 127 112 90 87 86 108 0 0 0 0 0
 100 69 81 92 75 73 109 112 86 0 0 0 0 0
 360 275 282 306 332 350 551 591 550 0 0 0 0 0
 88 71 59 57 65 66 66 67 74 0 0 0 0 0
 230 155 171 156 158 165 182 190 169 0 0 0 0 0
 72 63 72 56 82 67 87 97 68 0 0 0 0 0
 179 60 74 53 80 88 229 179 42 0 0 0 0 0
 83 351 362 292 352 365 61 96 370 0 0 0 0 0
 152 122 107 119 104 131 196 173 149 0 0 0 0 0
 156 98 103 66 91 49 99 124 95 0 0 0 0 0
 166 159 151 139 158 134 176 168 141 0 0 0 0 0
 94 293 267 230 237 258 162 154 263 0 0 0 0 0
 577 415 454 438 597 647 1019 904 671 0 0 0 0 0
 151 69 91 92 100 106 118 98 102 0 0 0 0 0
 1124 390 395 295 429 521 978 992 404 0 0 0 0 0
 142 100 98 105 129 109 171 132 93 0 0 0 0 0
 80 66 76 58 86 62 74 82 63 0 0 0 0 0
 365 139 140 166 152 216 359 320 163 0 0 0 0 0
 101 133 113 116 115 103 135 101 148 0 0 0 0 0
 112 113 130 152 121 156 122 120 111 0 0 0 0 0
 169 143 159 206 178 225 142 190 163 0 0 0 0 0
 118 81 109 127 127 138 146 136 133 0 0 0 0 0
 239 267 234 237 248 228 186 195 264 0 0 0 0 0
 96 83 100 103 82 98 103 111 82 0 0 0 0 0
 482 275 289 346 218 343 479 436 320 0 0 0 0 0
 76 99 88 118 129 125 109 104 123 0 0 0 0 0
 97 262 253 277 268 250 99 98 206 0 0 0 0 0
 96 110 129 112 93 139 85 84 105 0 0 0 0 0
 11 282 258 269 291 253 11 3 305 0 0 0 0 0
 74 68 54 59 66 54 47 70 66 0 0 0 0 0
 88 63 64 87 77 76 98 108 71 0 0 0 0 0
 39 93 99 81 77 78 67 37 65 0 0 0 0 0
 185 132 164 143 155 166 178 137 166 0 0 0 0 0
 57 58 40 42 49 51 50 52 44 0 0 0 0 0
 121 186 165 161 147 166 119 129 145 0 0 0 0 0
 201 152 179 155 151 164 219 176 147 0 0 0 0 0
 251 125 138 123 107 175 290 253 142 0 0 0 0 0
 113 189 236 243 236 237 132 105 241 0 0 0 0 0
 124 125 157 140 143 166 142 149 150 0 0 0 0 0
 68 62 53 69 54 65 51 71 58 0 0 0 0 0
 332 262 233 268 264 323 377 415 310 0 0 0 0 0
 112 94 71 68 98 90 132 131 78 0 0 0 0 0
 30 77 70 84 102 92 51 25 93 0 0 0 0 0
 95 95 95 62 79 63 69 102 97 0 0 0 0 0
 152 367 389 315 346 251 112 141 304 0 0 0 0 0
 208 129 143 180 156 150 174 196 155 0 0 0 0 0
 486 165 185 158 208 279 462 494 197 0 0 0 0 0
 335 197 234 218 229 234 332 341 184 0 0 0 0 0
 74 59 62 60 47 49 65 78 49 0 0 0 0 0
 96 61 63 64 67 86 75 82 68 0 0 0 0 0
 61 67 44 54 62 58 65 69 55 0 0 0 0 0
 188 121 137 114 146 144 187 184 140 0 0 0 0 0
 55 51 57 40 47 41 83 72 41 0 0 0 0 0
 97 113 119 130 126 119 81 87 121 0 0 0 0 0
 186 169 189 184 208 196 150 154 163 0 0 0 0 0
 111 26 35 51 36 58 145 99 39 0 0 0 0 0
 315 213 233 252 239 269 334 347 182 0 0 0 0 0
 49 48 41 23 36 35 41 49 45 0 0 0 0 0
 101 107 67 65 108 71 92 114 89 0 0 0 0 0
 95 104 93 104 99 78 97 82 114 0 0 0 0 0
 34 85 92 109 107 113 53 52 122 0 0 0 0 0
 90 41 82 58 51 64 82 74 31 0 0 0 0 0
 236 172 180 149 186 229 269 245 163 0 0 0 0 0
 101 62 57 58 76 98 94 134 78 0 0 0 0 0
 131 67 74 84 99 124 203 205 90 0 0 0 0 0
 99 96 112 118 118 125 140 112 125 0 0 0 0 0
 163 32 43 55 47 85 161 137 64 0 0 0 0 0
 275 244 247 241 225 399 265 255 173 0 0 0 0 0
 136 313 335 342 310 287 140 111 252 0 0 0 0 0
 541 471 491 502 478 470 522 540 431 0 0 0 0 0
 172 168 160 199 162 203 180 183 188 0 0 0 0 0
 215 225 216 261 264 232 255 235 255 0 0 0 0 0
 82 117 116 106 98 96 87 97 106 0 0 0 0 0
 253 122 125 94 174 150 221 265 119 0 0 0 0 0
 125 121 130 199 124 150 123 93 140 0 0 0 0 0
 199 98 104 51 80 108 305 488 278 0 0 0 0 0
 80 82 73 74 74 60 64 85 92 0 0 0 0 0
 70 110 74 105 89 136 85 112 99 0 0 0 0 0
 240 252 258 171 209 247 210 217 233 0 0 0 0 0
 304 237 232 251 246 242 329 333 301 0 0 0 0 0
 372 184 200 157 197 227 336 408 191 0 0 0 0 0
 69 177 189 139 148 148 90 49 118 0 0 0 0 0
 205 229 188 190 191 179 166 208 189 0 0 0 0 0
 268 224 215 211 209 211 213 203 275 0 0 0 0 0
 589 331 324 322 303 376 527 604 355 0 0 0 0 0
 100 87 91 105 100 85 90 101 85 0 0 0 0 0
 143 65 93 101 92 127 115 121 102 0 0 0 0 0
 29 22 28 10 22 30 48 47 17 0 0 0 0 0
 32 81 87 92 90 123 64 39 111 0 0 0 0 0
 165 209 189 237 247 224 172 187 210 0 0 0 0 0
 607 459 431 510 430 512 296 512 434 0 0 0 0 0
 42 68 83 63 85 83 48 45 75 0 0 0 0 0
 134 78 101 84 66 98 111 135 65 0 0 0 0 0
 77 31 35 33 37 34 53 57 25 0 0 0 0 0
 221 162 141 172 139 148 229 206 165 0 0 0 0 0
 50 54 48 66 52 88 87 60 74 0 0 0 0 0
 83 79 107 84 76 96 69 62 87 0 0 0 0 0
 123 63 86 92 76 127 214 176 146 0 0 0 0 0
 94 77 75 72 80 59 77 103 50 0 0 0 0 0
 181 69 82 67 87 107 229 231 78 0 0 0 0 0
 132 66 84 69 99 100 146 107 76 0 0 0 0 0
 266 182 179 200 258 252 340 297 225 0 0 0 0 0
 169 143 159 201 192 300 220 160 184 0 0 0 0 0
 83 137 124 106 149 165 104 78 142 0 0 0 0 0
 174 170 161 159 213 201 230 227 251 0 0 0 0 0
 54 56 46 44 48 54 73 59 43 0 0 0 0 0
 97 93 121 129 111 103 99 65 97 0 0 0 0 0
 184 121 120 145 119 122 128 141 124 0 0 0 0 0
 100 52 56 60 53 49 92 94 53 0 0 0 0 0
 92 96 85 98 86 90 67 79 85 0 0 0 0 0
 94 59 69 58 49 10 125 115 53 0 0 0 0 0
 829 344 356 339 374 502 903 829 399 0 0 0 0 0
 569 435 417 537 536 476 542 570 444 0 0 0 0 0
 46 57 59 58 65 63 68 40 60 0 0 0 0 0
 107 74 76 65 100 75 94 101 55 0 0 0 0 0
 160 158 133 147 173 149 135 135 115 0 0 0 0 0
 79 91 73 89 80 67 69 78 82 0 0 0 0 0
 374 211 206 150 196 235 316 343 200 0 0 0 0 0
 129 90 121 84 89 115 140 125 75 0 0 0 0 0
 96 60 47 61 64 85 80 87 46 0 0 0 0 0
 106 110 77 2 1 34 72 86 171 0 0 0 0 0
 204 207 198 210 242 274 430 228 145 0 0 0 0 0
 62 55 50 52 41 50 81 64 66 0 0 0 0 0
 175 324 324 346 334 371 179 159 361 0 0 0 0 0
 48 173 183 183 206 162 63 51 138 0 0 0 0 0
 95 29 39 23 23 39 72 86 33 0 0 0 0 0
 74 73 67 47 72 56 69 77 74 0 0 0 0 0
 306 213 186 227 263 270 353 317 225 0 0 0 0 0
 341 242 201 221 234 238 274 315 212 0 0 0 0 0
 56 69 80 84 83 60 54 87 68 0 0 0 0 0
 63 55 65 68 61 73 67 71 74 0 0 0 0 0
 212 167 112 115 178 142 145 168 109 0 0 0 0 0
 133 98 86 119 112 127 129 130 75 0 0 0 0 0
 143 56 54 41 58 98 101 108 52 0 0 0 0 0
 181 121 142 91 126 202 194 213 93 0 0 0 0 0
 101 46 35 43 46 142 206 121 59 0 0 0 0 0
 40 269 271 258 270 290 97 51 281 0 0 0 0 0
 74 60 69 55 60 73 68 47 61 0 0 0 0 0
 118 58 65 60 73 104 256 188 70 0 0 0 0 0
 189 165 120 148 168 144 181 196 163 0 0 0 0 0
 179 67 78 118 79 96 184 144 79 0 0 0 0 0
 865 444 382 310 400 415 646 735 392 0 0 0 0 0
 135 81 72 81 67 95 92 109 79 0 0 0 0 0
 144 132 116 122 110 124 115 171 121 0 0 0 0 0
 94 54 70 78 69 70 102 96 50 0 0 0 0 0
 73 82 71 71 66 77 51 71 86 0 0 0 0 0
 129 35 55 1 2 88 173 146 64 0 0 0 0 0
 104 103 99 92 85 93 80 94 96 0 0 0 0 0
 688 489 485 450 474 625 758 715 442 0 0 0 0 0
 38 112 85 100 92 81 51 36 101 0 0 0 0 0
 4 4 11 10 14 46 61 54 47 0 0 0 0 0
 109 188 196 168 177 157 284 145 176 0 0 0 0 0
 35 98 77 86 95 83 23 30 104 0 0 0 0 0
 125 112 88 108 82 113 113 103 85 0 0 0 0 0
 40 44 46 53 43 47 55 49 41 0 0 0 0 0
 133 64 73 76 49 64 116 121 75 0 0 0 0 0
 58 65 70 63 54 96 81 84 93 0 0 0 0 0
 65 44 43 59 46 51 72 72 49 0 0 0 0 0
 151 93 102 90 95 133 153 169 100 0 0 0 0 0
 60 79 87 77 71 80 89 32 80 0 0 0 0 0
 315 94 69 44 55 80 151 160 65 0 0 0 0 0
 169 134 108 83 132 91 111 135 97 0 0 0 0 0
 104 84 70 78 77 98 128 104 91 0 0 0 0 0
 76 60 53 25 55 43 57 43 41 0 0 0 0 0
 78 91 80 70 45 62 87 71 69 0 0 0 0 0
 65 73 61 98 112 155 107 97 175 0 0 0 0 0
 78 45 57 42 51 53 125 120 65 0 0 0 0 0
 367 274 300 244 208 289 210 56 114 0 0 0 0 0
 91 74 84 55 91 71 78 79 54 0 0 0 0 0
 119 127 120 116 91 94 134 143 109 0 0 0 0 0
 144 84 95 87 79 100 111 153 106 0 0 0 0 0
 128 47 64 72 52 90 189 193 95 0 0 0 0 0
 170 124 140 123 138 152 226 140 140 0 0 0 0 0
 156 78 88 113 109 129 133 160 119 0 0 0 0 0
 104 123 81 52 88 80 60 98 86 0 0 0 0 0
 102 76 61 58 72 56 99 94 87 0 0 0 0 0
 496 177 210 212 268 243 381 343 229 0 0 0 0 0
 149 180 233 263 204 214 142 194 297 0 0 0 0 0
 231 125 150 144 134 146 280 127 133 0 0 0 0 0
 83 120 125 114 107 117 101 81 132 0 0 0 0 0
 83 73 73 59 76 78 83 78 62 0 0 0 0 0
 28 126 150 109 121 128 60 22 111 0 0 0 0 0
 167 88 71 74 92 103 167 160 85 0 0 0 0 0
 205 295 308 240 275 253 563 162 257 0 0 0 0 0
 94 155 193 174 189 156 96 95 131 0 0 0 0 0
 118 87 82 87 69 149 77 121 86 0 0 0 0 0
 63 65 66 77 85 77 71 64 67 0 0 0 0 0
 255 156 152 139 133 165 220 217 155 0 0 0 0 0
 87 69 55 63 45 59 84 84 15 0 0 0 0 0
 163 149 154 141 162 175 6 96 171 0 0 0 0 0
 109 96 59 55 99 84 92 90 71 0 0 0 0 0
 166 142 157 149 144 173 156 174 144 0 0 0 0 0
 83 92 92 96 89 100 95 79 95 0 0 0 0 0
 3994 1607 2598 1494 1766 2035 3728 3915 1695 0 0 0 0 0
 111 75 54 59 70 71 111 110 57 0 0 0 0 0
 225 198 255 177 265 248 242 266 173 0 0 0 0 0
 123 63 96 134 142 99 136 133 186 0 0 0 0 0
 98 73 69 46 61 60 102 129 64 0 0 0 0 0
 468 341 334 338 357 392 513 505 409 0 0 0 0 0
 54 53 51 30 58 67 77 65 41 0 0 0 0 0
 2 57 81 61 85 82 5 4 82 0 0 0 0 0
 67 51 55 60 60 58 64 60 59 0 0 0 0 0
 146 104 129 84 100 117 149 166 96 0 0 0 0 0
 46 79 79 66 76 71 47 36 94 0 0 0 0 0
 635 350 365 393 338 446 786 800 432 0 0 0 0 0
 69 119 124 132 133 122 101 87 136 0 0 0 0 0
 101 935 974 999 993 919 148 59 969 0 0 0 0 0
 230 123 134 132 150 196 217 239 137 0 0 0 0 0
 175 121 128 113 121 112 122 146 123 0 0 0 0 0
 102 134 132 154 75 101 120 106 154 0 0 0 0 0
 82 39 26 34 35 37 91 94 34 0 0 0 0 0
 231 157 244 167 188 207 111 135 158 0 0 0 0 0
 105 87 77 64 75 61 67 99 69 0 0 0 0 0
 261 152 129 135 135 172 221 211 130 0 0 0 0 0
 124 33 41 47 34 62 141 109 33 0 0 0 0 0
 115 93 92 143 120 140 144 132 136 0 0 0 0 0
 89 102 81 94 71 102 92 81 81 0 0 0 0 0
 171 191 158 212 198 183 199 189 182 0 0 0 0 0
 98 91 109 101 98 115 89 78 98 0 0 0 0 0
 106 62 78 57 75 66 86 111 78 0 0 0 0 0
 169 94 83 61 93 210 212 242 174 0 0 0 0 0
 274 129 132 131 146 181 220 229 180 0 0 0 0 0
 120 62 64 103 84 83 133 128 67 0 0 0 0 0
 103 75 101 2 63 117 98 90 59 0 0 0 0 0
 187 126 140 139 144 158 163 144 110 0 0 0 0 0
 153 98 86 67 90 99 140 152 84 0 0 0 0 0
 106 107 108 102 117 131 111 103 104 0 0 0 0 0
 133 99 130 110 104 117 137 136 113 0 0 0 0 0
 189 114 96 112 100 146 206 162 131 0 0 0 0 0
 367 272 281 261 250 340 377 367 282 0 0 0 0 0
 308 182 204 198 193 216 311 268 631 0 0 0 0 0
 191 161 119 103 113 92 163 167 99 0 0 0 0 0
 41 65 57 60 49 44 57 55 14 0 0 0 0 0
 291 355 319 325 316 358 277 249 304 0 0 0 0 0
 117 114 107 91 88 97 108 92 96 0 0 0 0 0
 48 233 229 222 226 213 46 57 233 0 0 0 0 0
 226 164 141 159 190 170 220 195 206 0 0 0 0 0
 8 72 89 61 77 57 2 5 72 0 0 0 0 0
 18 69 79 64 69 80 20 11 85 0 0 0 0 0
 67 59 50 62 63 76 66 47 73 0 0 0 0 0
 353 172 260 225 208 296 415 392 142 0 0 0 0 0
 302 270 309 326 318 388 340 385 292 0 0 0 0 0
 108 77 58 80 97 91 117 148 91 0 0 0 0 0
 60 61 68 65 74 47 56 36 58 0 0 0 0 0
 281 123 115 124 126 205 242 226 142 0 0 0 0 0
 243 210 265 234 243 175 198 212 188 0 0 0 0 0
 239 182 189 187 193 212 252 200 149 0 0 0 0 0
 111 199 200 143 183 185 115 109 195 0 0 0 0 0
 439 402 404 406 423 438 504 488 370 0 0 0 0 0
 83 54 47 47 59 63 50 56 32 0 0 0 0 0
 44 51 65 49 49 62 73 62 49 0 0 0 0 0
 131 197 157 179 151 153 131 137 144 0 0 0 0 0
 100 79 5 63 62 71 93 92 72 0 0 0 0 0
 849 540 596 522 548 559 808 825 539 0 0 0 0 0
 73 120 129 121 133 144 85 66 140 0 0 0 0 0
 175 124 119 105 113 152 188 196 134 0 0 0 0 0
 1109 577 517 525 541 582 902 1009 566 0 0 0 0 0
 96 86 79 62 103 84 61 85 86 0 0 0 0 0
 76 31 31 35 43 45 93 71 56 0 0 0 0 0
 113 43 43 37 56 48 121 104 50 0 0 0 0 0
 181 128 119 164 179 177 208 225 135 0 0 0 0 0
 97 116 100 71 98 104 107 95 89 0 0 0 0 0
 90 87 118 64 61 81 90 103 88 0 0 0 0 0
 172 131 114 122 96 155 199 207 151 0 0 0 0 0
 90 56 38 33 52 139 90 69 43 0 0 0 0 0
 73 59 56 60 66 63 74 85 53 0 0 0 0 0
 145 119 128 115 134 146 144 132 120 0 0 0 0 0
 77 52 80 61 67 63 113 81 71 0 0 0 0 0
 609 436 353 257 347 352 554 565 354 0 0 0 0 0
 283 196 174 200 196 300 417 316 165 0 0 0 0 0
 126 47 54 53 39 69 176 121 50 0 0 0 0 0
 198 495 326 455 451 366 133 147 414 0 0 0 0 0
 64 42 51 59 52 49 44 82 46 0 0 0 0 0
 97 82 90 60 82 78 83 74 63 0 0 0 0 0
 97 80 70 81 85 100 95 83 82 0 0 0 0 0
 73 62 47 42 48 53 50 52 46 0 0 0 0 0
 252 220 238 215 238 314 282 253 216 0 0 0 0 0
 123 99 95 134 123 150 97 106 119 0 0 0 0 0
 92 74 61 59 56 62 93 83 73 0 0 0 0 0
 90 99 92 70 82 83 96 72 85 0 0 0 0 0
 93 208 185 161 177 172 107 101 188 0 0 0 0 0
 73 56 66 71 60 66 98 83 73 0 0 0 0 0
 166 164 130 133 124 174 103 188 183 0 0 0 0 0
 115 100 95 93 93 65 99 117 82 0 0 0 0 0
 348 292 286 287 277 260 280 342 249 0 0 0 0 0
 118 84 71 62 87 70 110 119 90 0 0 0 0 0
 131 82 101 98 114 99 154 136 84 0 0 0 0 0
 202 152 147 121 139 132 192 187 125 0 0 0 0 0
 119 90 94 90 126 97 126 118 89 0 0 0 0 0
 367 176 189 158 496 201 221 327 167 0 0 0 0 0
 250 205 255 175 248 307 240 250 260 0 0 0 0 0
 190 107 131 130 150 170 207 271 97 0 0 0 0 0
 125 93 105 110 103 119 168 172 115 0 0 0 0 0
 113 108 107 146 108 131 77 88 91 0 0 0 0 0
 7 200 179 141 185 174 78 98 140 0 0 0 0 0
 162 124 117 96 85 115 157 155 78 0 0 0 0 0
 169 187 213 141 194 111 146 155 202 0 0 0 0 0
 91 139 158 166 138 180 138 122 149 0 0 0 0 0
 110 42 43 40 53 64 74 97 57 0 0 0 0 0
 105 90 103 93 147 102 174 190 167 0 0 0 0 0
 181 146 161 94 152 158 121 176 117 0 0 0 0 0
 138 120 90 106 81 86 117 125 97 0 0 0 0 0
 141 128 133 130 127 173 138 149 147 0 0 0 0 0
 95 134 142 157 149 168 208 157 170 0 0 0 0 0
 321 141 138 142 159 183 353 284 145 0 0 0 0 0
 223 136 159 94 144 128 220 225 126 0 0 0 0 0
 170 94 84 89 83 123 162 189 122 0 0 0 0 0
 158 183 159 170 153 211 192 213 175 0 0 0 0 0
 3 5 1 17 38 26 27 34 58 0 0 0 0 0
 82 73 73 64 72 87 125 134 81 0 0 0 0 0
 121 92 78 68 74 85 81 78 58 0 0 0 0 0
 59 51 23 46 42 60 55 62 25 0 0 0 0 0
 119 85 128 99 86 77 116 95 109 0 0 0 0 0
 163 253 246 224 264 223 161 162 204 0 0 0 0 0
 319 330 348 329 346 410 308 269 326 0 0 0 0 0
 125 95 100 75 97 95 120 116 111 0 0 0 0 0
 192 149 198 200 177 200 251 247 193 0 0 0 0 0
 62 60 76 63 63 56 56 48 52 0 0 0 0 0
 145 158 149 141 161 161 172 156 147 0 0 0 0 0
 117 88 111 116 95 111 96 93 85 0 0 0 0 0
 67 49 46 41 46 52 76 94 45 0 0 0 0 0
 97 92 131 127 118 126 112 85 127 0 0 0 0 0
 91 111 88 56 86 93 65 73 94 0 0 0 0 0
 293 209 233 231 214 277 351 316 298 0 0 0 0 0
 100 107 68 86 113 96 117 105 104 0 0 0 0 0
 73 188 187 170 168 177 95 87 158 0 0 0 0 0
 809 575 531 583 560 658 910 866 609 0 0 0 0 0
 162 291 298 299 325 336 210 174 300 0 0 0 0 0
 324 145 135 134 141 156 255 331 156 0 0 0 0 0
 139 94 101 99 153 150 111 126 111 0 0 0 0 0
 60 66 101 65 59 155 152 123 93 0 0 0 0 0
 77 75 68 67 70 92 73 73 69 0 0 0 0 0
 206 244 188 290 214 169 157 178 152 0 0 0 0 0
 88 78 73 94 77 100 115 105 75 0 0 0 0 0
 201 136 139 155 187 213 220 239 176 0 0 0 0 0
 3 4 7 34 38 31 28 15 44 0 0 0 0 0
 104 78 40 28 47 47 64 46 46 0 0 0 0 0
 157 117 99 89 162 144 189 172 148 0 0 0 0 0
 48 109 108 102 96 71 54 52 79 0 0 0 0 0
 104 78 94 76 74 107 110 106 62 0 0 0 0 0
 141 61 69 72 86 97 105 113 66 0 0 0 0 0
 150 101 131 103 104 106 171 199 112 0 0 0 0 0
 56 55 72 98 92 78 77 53 109 0 0 0 0 0
 329 285 278 295 285 321 265 238 277 0 0 0 0 0
 237 138 142 114 130 166 457 813 140 0 0 0 0 0
 166 121 137 124 143 139 186 167 130 0 0 0 0 0
 200 126 151 144 157 139 256 233 131 0 0 0 0 0
 356 200 194 200 225 222 225 353 229 0 0 0 0 0
 242 110 97 111 101 128 221 183 93 0 0 0 0 0
 126 87 89 110 81 101 112 118 103 0 0 0 0 0
 48 200 222 197 205 202 84 17 110 0 0 0 0 0
 171 112 122 127 138 148 158 141 115 0 0 0 0 0
 226 138 127 124 135 150 192 209 120 0 0 0 0 0
 134 100 102 134 100 120 161 119 125 0 0 0 0 0
 82 97 104 110 115 114 74 72 102 0 0 0 0 0
 732 556 471 490 514 546 716 808 521 0 0 0 0 0
 79 75 121 99 119 72 128 62 104 0 0 0 0 0
 152 81 102 88 115 135 122 119 70 0 0 0 0 0
 77 58 50 51 48 82 97 95 63 0 0 0 0 0
 110 46 55 54 62 71 163 150 51 0 0 0 0 0
 76 69 81 88 59 69 89 74 99 0 0 0 0 0
 487 279 224 241 201 268 511 420 285 0 0 0 0 0
 195 144 156 119 139 137 184 204 144 0 0 0 0 0
 131 75 57 68 67 59 87 109 89 0 0 0 0 0
 96 104 114 114 109 65 104 115 88 0 0 0 0 0
 104 68 64 66 91 80 95 104 91 0 0 0 0 0
 155 130 111 85 95 89 155 156 112 0 0 0 0 0
 253 161 168 189 113 192 246 282 156 0 0 0 0 0
 130 100 128 95 133 100 137 152 112 0 0 0 0 0
 63 71 65 56 65 64 58 64 61 0 0 0 0 0
 99 132 144 139 153 139 106 96 155 0 0 0 0 0
 487 187 208 236 282 268 443 420 214 0 0 0 0 0
 98 97 84 98 101 90 86 101 90 0 0 0 0 0
 80 119 132 129 124 119 70 94 107 0 0 0 0 0
 80 67 64 52 56 62 62 67 48 0 0 0 0 0
 84 86 83 81 81 62 97 62 73 0 0 0 0 0
 33 62 72 66 81 92 115 77 67 0 0 0 0 0
 118 96 99 108 96 112 115 140 82 0 0 0 0 0
 141 65 86 98 120 140 173 153 85 0 0 0 0 0
 42 81 80 85 93 70 54 68 60 0 0 0 0 0
 44 87 89 91 89 114 71 71 34 0 0 0 0 0
 171 46 59 67 69 67 172 140 66 0 0 0 0 0
 68 88 95 87 93 103 68 68 99 0 0 0 0 0
 88 64 48 62 66 81 59 51 79 0 0 0 0 0
 120 89 81 66 72 79 116 80 81 0 0 0 0 0
 70 78 51 51 58 65 87 103 57 0 0 0 0 0
 117 62 78 68 66 75 109 82 79 0 0 0 0 0
 74 139 134 143 129 125 73 60 133 0 0 0 0 0
 159 84 96 91 107 134 190 195 110 0 0 0 0 0
 219 195 215 227 198 212 194 216 210 0 0 0 0 0
 261 148 139 153 152 159 266 258 145 0 0 0 0 0
 375 258 277 215 237 284 410 392 267 0 0 0 0 0
 97 143 142 173 170 158 116 95 154 0 0 0 0 0
 174 101 117 98 92 108 158 169 101 0 0 0 0 0
 108 86 71 48 86 67 93 70 54 0 0 0 0 0
 190 108 81 99 127 124 164 217 109 0 0 0 0 0
 164 173 157 181 177 193 145 104 168 0 0 0 0 0
 67 201 215 201 282 125 230 316 261 0 0 0 0 0
 41 128 153 117 102 104 55 35 128 0 0 0 0 0
 239 179 204 163 192 251 313 267 193 0 0 0 0 0
 59 66 42 70 65 73 97 61 56 0 0 0 0 0
 119 145 155 147 139 128 124 139 117 0 0 0 0 0
 87 75 66 71 77 66 64 59 72 0 0 0 0 0
 129 69 76 71 86 84 100 114 66 0 0 0 0 0
 408 513 434 455 470 434 420 427 451 0 0 0 0 0
 369 268 277 227 236 286 359 346 264 0 0 0 0 0
 344 187 225 209 884 191 282 369 186 0 0 0 0 0
 1593 1724 1894 1917 1916 1890 1419 1427 1803 0 0 0 0 0
 195 108 97 92 99 149 196 240 108 0 0 0 0 0
 147 148 144 158 161 178 197 162 168 0 0 0 0 0
 245 132 134 118 129 186 184 288 164 0 0 0 0 0
 95 122 134 135 89 98 99 68 128 0 0 0 0 0
 142 93 106 133 119 136 171 169 108 0 0 0 0 0
 428 347 370 487 463 461 517 529 475 0 0 0 0 0
 248 126 129 135 135 162 225 277 177 0 0 0 0 0
 99 63 70 64 58 92 94 137 82 0 0 0 0 0
 100 78 88 99 83 145 180 111 89 0 0 0 0 0
 128 76 69 47 54 62 110 98 74 0 0 0 0 0
 660 699 668 527 598 713 663 608 680 0 0 0 0 0
 34 128 106 113 114 104 34 36 112 0 0 0 0 0
 188 77 75 84 91 118 196 180 72 0 0 0 0 0
 35 76 102 77 90 97 65 30 90 0 0 0 0 0
 122 112 98 113 125 122 158 122 82 0 0 0 0 0
 728 511 391 275 418 464 572 612 481 0 0 0 0 0
 172 153 121 127 145 163 189 168 124 0 0 0 0 0
 34 21 25 31 30 22 31 27 31 0 0 0 0 0
 175 172 168 169 168 168 176 157 138 0 0 0 0 0
 111 105 126 83 74 84 101 123 99 0 0 0 0 0
 89 122 116 117 164 140 173 149 13 0 0 0 0 0
 85 65 71 83 60 79 94 69 61 0 0 0 0 0
 161 191 150 147 152 136 118 151 127 0 0 0 0 0
 159 113 98 116 120 113 160 162 95 0 0 0 0 0
 153 192 187 160 181 169 167 132 196 0 0 0 0 0
 195 169 165 136 146 178 226 244 183 0 0 0 0 0
 65 67 74 85 60 52 47 55 67 0 0 0 0 0
 114 152 132 113 127 109 139 105 117 0 0 0 0 0
 180 101 116 98 103 124 184 173 92 0 0 0 0 0
 91 100 94 100 92 102 104 110 109 0 0 0 0 0
 180 113 119 121 103 149 188 139 115 0 0 0 0 0
 144 120 144 124 132 142 142 152 115 0 0 0 0 0
 133 62 79 68 58 85 104 108 67 0 0 0 0 0
 91 118 118 102 109 94 70 78 120 0 0 0 0 0
 76 57 46 56 48 66 98 76 46 0 0 0 0 0
 136 102 120 106 109 119 120 119 106 0 0 0 0 0
 106 107 94 113 129 154 121 127 195 0 0 0 0 0
 182 117 123 173 165 256 254 251 142 0 0 0 0 0
 68 43 47 69 40 47 69 56 52 0 0 0 0 0
 167 101 109 124 120 144 145 155 103 0 0 0 0 0
 252 150 181 161 214 239 280 257 179 0 0 0 0 0
 241 166 148 146 141 187 261 257 163 0 0 0 0 0
 235 201 188 241 178 209 176 207 233 0 0 0 0 0
 317 322 347 401 347 421 379 340 376 0 0 0 0 0
 456 225 177 185 191 178 370 419 253 0 0 0 0 0
 145 214 201 283 179 209 142 123 173 0 0 0 0 0
 93 120 142 148 138 141 92 95 133 0 0 0 0 0
 263 249 250 282 247 254 232 245 186 0 0 0 0 0
 104 146 131 95 112 107 117 109 136 0 0 0 0 0
 313 196 165 177 169 240 295 277 144 0 0 0 0 0
 59 68 61 72 50 62 55 66 43 0 0 0 0 0
 80 110 101 125 124 118 88 84 94 0 0 0 0 0
 78 97 83 121 91 112 93 89 61 0 0 0 0 0
 70 86 77 77 82 77 86 72 68 0 0 0 0 0
 71 41 52 52 66 68 79 108 50 0 0 0 0 0
 166 113 114 130 104 119 171 158 118 0 0 0 0 0
 236 304 327 354 374 396 255 231 352 0 0 0 0 0
 77 211 214 212 231 239 136 76 221 0 0 0 0 0
 78 47 66 56 41 46 66 71 52 0 0 0 0 0
 118 76 112 80 101 132 136 140 74 0 0 0 0 0
 155 225 194 181 212 195 124 112 182 0 0 0 0 0
 98 54 37 47 51 72 113 111 61 0 0 0 0 0
 183 272 243 252 231 217 144 155 238 0 0 0 0 0
 75 142 127 88 104 126 75 80 104 0 0 0 0 0
 116 50 41 62 63 90 101 136 66 0 0 0 0 0
 151 90 109 96 105 106 158 136 77 0 0 0 0 0
 36 110 93 107 85 69 40 34 83 0 0 0 0 0
 868 618 640 637 1109 1085 1239 1209 1089 0 0 0 0 0
 315 186 196 128 159 200 296 254 152 0 0 0 0 0
 111 91 53 88 110 97 148 138 96 0 0 0 0 0
 171 85 94 75 89 108 165 158 84 0 0 0 0 0
 181 345 282 272 327 228 147 147 299 0 0 0 0 0
 153 175 158 55 151 159 197 158 165 0 0 0 0 0
 136 197 210 182 191 213 140 111 173 0 0 0 0 0
 965 480 443 392 480 473 835 839 483 0 0 0 0 0
 179 78 67 66 123 80 140 126 68 0 0 0 0 0
 468 313 233 272 313 498 390 373 330 0 0 0 0 0
 87 51 53 57 60 79 80 64 43 0 0 0 0 0
 1 0 7 6 5 7 10 10 13 0 0 0 0 0
 79 40 36 30 25 60 75 60 78 0 0 0 0 0
 38 172 191 192 189 315 88 48 184 0 0 0 0 0
 96 66 66 75 56 89 81 71 84 0 0 0 0 0
 194 212 238 221 227 196 168 163 181 0 0 0 0 0
 93 51 48 52 48 72 66 109 52 0 0 0 0 0
 517 347 331 271 343 335 499 444 344 0 0 0 0 0
 151 118 140 87 116 113 124 146 151 0 0 0 0 0
 91 45 47 69 53 91 114 96 59 0 0 0 0 0
 53 98 93 138 99 124 67 52 111 0 0 0 0 0
 244 243 185 228 225 210 249 235 218 0 0 0 0 0
 270 204 153 102 131 119 255 226 136 0 0 0 0 0
 143 75 93 87 123 98 151 144 98 0 0 0 0 0
 121 86 81 88 81 94 87 82 89 0 0 0 0 0
 155 108 123 117 115 128 145 143 94 0 0 0 0 0
 754 705 536 656 773 672 770 874 777 0 0 0 0 0
 98 100 95 131 126 131 159 152 163 0 0 0 0 0
 35 62 63 53 53 66 39 47 57 0 0 0 0 0
 59 48 48 70 72 58 58 54 56 0 0 0 0 0
 566 416 331 258 324 281 318 399 248 0 0 0 0 0
 163 84 80 65 71 101 126 141 99 0 0 0 0 0
 284 241 247 198 231 270 264 271 194 0 0 0 0 0
 76 63 52 71 72 78 69 55 50 0 0 0 0 0
 59 60 62 53 57 61 85 57 65 0 0 0 0 0
 138 76 74 56 78 105 131 139 54 0 0 0 0 0
 112 106 119 120 117 140 199 151 146 0 0 0 0 0
 145 95 78 96 92 105 148 165 105 0 0 0 0 0
 66 115 104 107 131 93 73 82 108 0 0 0 0 0
 124 148 133 132 123 153 129 118 133 0 0 0 0 0
 151 119 115 195 196 187 240 282 178 0 0 0 0 0
 266 179 225 257 239 399 269 261 252 0 0 0 0 0
 52 64 40 28 41 35 37 49 40 0 0 0 0 0
 106 38 39 40 30 39 85 97 41 0 0 0 0 0
 107 73 63 76 72 88 108 114 70 0 0 0 0 0
 226 139 167 195 112 161 304 284 197 0 0 0 0 0
 74 65 61 59 52 56 64 52 68 0 0 0 0 0
 65 45 53 52 59 71 103 84 51 0 0 0 0 0
 176 61 56 56 66 66 150 139 46 0 0 0 0 0
 77 161 162 158 173 177 100 125 177 0 0 0 0 0
 131 68 74 84 67 93 163 134 76 0 0 0 0 0
 288 168 172 167 178 318 258 286 214 0 0 0 0 0
 102 78 97 72 70 77 95 107 86 0 0 0 0 0
 430 181 220 195 214 287 459 604 269 0 0 0 0 0
 230 110 93 98 97 131 213 186 85 0 0 0 0 0
 614 512 477 461 468 471 604 657 538 0 0 0 0 0
 63 61 56 66 45 48 47 55 38 0 0 0 0 0
 76 40 46 53 44 48 69 76 45 0 0 0 0 0
 112 58 73 74 78 91 138 122 95 0 0 0 0 0
 136 104 52 57 105 138 150 141 105 0 0 0 0 0
 135 147 106 59 111 84 123 125 123 0 0 0 0 0
 941 560 557 447 578 592 846 873 608 0 0 0 0 0
 357 175 133 106 143 120 166 167 131 0 0 0 0 0
 242 197 167 149 195 202 220 255 184 0 0 0 0 0
 78 112 76 58 86 56 50 67 73 0 0 0 0 0
 661 710 690 414 544 738 637 689 598 0 0 0 0 0
 386 256 236 202 242 236 387 417 224 0 0 0 0 0
 40 335 307 282 275 278 105 51 283 0 0 0 0 0
 127 172 197 184 149 165 138 130 153 0 0 0 0 0
 279 282 303 246 259 264 292 239 275 0 0 0 0 0
 379 294 272 278 284 390 444 425 325 0 0 0 0 0
 351 290 235 172 257 221 284 302 249 0 0 0 0 0
 101 69 80 67 76 95 98 135 71 0 0 0 0 0
 100 328 329 362 314 209 118 50 282 0 0 0 0 0
 161 208 186 177 208 144 122 169 182 0 0 0 0 0
 170 192 211 245 225 223 215 166 160 0 0 0 0 0
 60 100 138 104 109 84 59 66 91 0 0 0 0 0
 294 274 329 283 291 279 271 309 280 0 0 0 0 0
 200 242 236 257 229 250 218 220 272 0 0 0 0 0
 66 59 56 54 53 52 63 41 45 0 0 0 0 0
 108 44 46 59 62 78 77 89 41 0 0 0 0 0
 79 82 80 54 87 75 72 79 66 0 0 0 0 0
 143 133 115 112 115 138 126 138 107 0 0 0 0 0
 127 97 135 108 85 110 139 114 90 0 0 0 0 0
 102 89 115 66 90 84 86 113 95 0 0 0 0 0
 136 173 176 164 164 164 122 148 167 0 0 0 0 0
 417 276 281 314 291 372 526 529 349 0 0 0 0 0
 99 66 79 81 71 67 99 93 71 0 0 0 0 0
 435 154 173 107 120 150 427 421 166 0 0 0 0 0
 40 93 107 85 100 79 67 59 107 0 0 0 0 0
 219 89 122 79 116 129 181 160 129 0 0 0 0 0
 80 57 58 58 51 51 69 43 54 0 0 0 0 0
 1570 561 525 621 629 756 1084 1079 614 0 0 0 0 0
 155 186 225 212 214 222 153 163 178 0 0 0 0 0
 82 67 64 50 66 78 106 89 55 0 0 0 0 0
 207 108 108 142 120 122 113 146 133 0 0 0 0 0
 140 176 158 171 152 203 182 120 181 0 0 0 0 0
 94 92 121 93 101 104 74 74 98 0 0 0 0 0
 632 280 298 321 285 414 659 643 335 0 0 0 0 0
 122 151 190 137 160 115 107 94 129 0 0 0 0 0
 365 145 117 112 76 118 194 222 115 0 0 0 0 0
 978 546 553 564 612 666 997 954 599 0 0 0 0 0
 173 126 141 144 129 157 159 143 139 0 0 0 0 0
 44 92 78 93 87 82 53 37 100 0 0 0 0 0
 36 74 76 96 59 101 50 55 89 0 0 0 0 0
 170 99 91 112 112 108 279 248 125 0 0 0 0 0
 134 76 76 81 81 99 126 126 94 0 0 0 0 0
 140 110 130 116 139 134 142 140 112 0 0 0 0 0
 110 63 92 100 76 100 128 122 87 0 0 0 0 0
 92 96 72 60 103 63 73 87 79 0 0 0 0 0
 195 115 134 145 135 139 189 163 126 0 0 0 0 0
 289 276 265 155 202 286 294 328 204 0 0 0 0 0
 101 76 80 58 90 69 66 92 83 0 0 0 0 0
 107 143 126 155 130 159 181 167 144 0 0 0 0 0
 183 53 60 60 75 123 222 173 82 0 0 0 0 0
 59 57 66 68 67 83 63 71 62 0 0 0 0 0
 178 119 97 117 113 122 237 238 144 0 0 0 0 0
 361 362 374 397 284 361 395 405 318 0 0 0 0 0
 84 95 92 83 79 93 46 56 62 0 0 0 0 0
 118 93 83 106 76 94 145 128 108 0 0 0 0 0
 93 49 63 56 53 77 86 91 43 0 0 0 0 0
 69 111 107 51 88 105 57 63 110 0 0 0 0 0
 125 174 185 163 166 165 178 165 190 0 0 0 0 0
 143 83 87 68 104 95 115 130 86 0 0 0 0 0
 162 74 111 124 102 127 272 168 138 0 0 0 0 0
 112 129 125 105 115 86 58 66 122 0 0 0 0 0
 45 104 107 110 119 141 47 54 119 0 0 0 0 0
 120 92 104 91 79 90 120 111 105 0 0 0 0 0
 147 85 76 94 112 91 135 112 105 0 0 0 0 0
 195 168 165 170 137 173 180 195 142 0 0 0 0 0
 88 48 44 55 56 58 98 82 55 0 0 0 0 0
 76 67 67 52 90 62 97 66 78 0 0 0 0 0
 156 169 176 189 99 166 181 156 155 0 0 0 0 0
 50 68 69 53 73 57 49 67 65 0 0 0 0 0
 122 109 92 96 129 105 124 112 88 0 0 0 0 0
 920 725 672 563 706 640 848 973 670 0 0 0 0 0
 89 169 181 197 113 146 105 115 106 0 0 0 0 0
 118 52 50 39 58 78 148 133 64 0 0 0 0 0
 204 82 102 93 136 160 327 200 89 0 0 0 0 0
 105 102 100 70 91 86 93 110 91 0 0 0 0 0
 106 148 167 160 183 173 123 132 130 0 0 0 0 0
 117 126 112 87 114 88 97 133 124 0 0 0 0 0
 66 46 43 43 41 60 78 76 59 0 0 0 0 0
 93 64 60 63 48 73 92 88 62 0 0 0 0 0
 159 96 115 71 87 87 186 167 80 0 0 0 0 0
 115 122 115 91 113 96 87 80 57 0 0 0 0 0
 71 66 91 70 62 87 108 123 83 0 0 0 0 0
 150 124 102 97 98 110 131 163 72 0 0 0 0 0
 83 57 80 74 83 92 59 54 80 0 0 0 0 0
 98 100 83 82 87 80 65 121 83 0 0 0 0 0
 84 51 73 70 68 83 86 94 68 0 0 0 0 0
 195 157 173 143 171 162 152 177 147 0 0 0 0 0
 265 173 175 145 175 231 291 222 160 0 0 0 0 0
 80 118 116 106 129 122 78 88 92 0 0 0 0 0
 209 194 191 135 167 183 202 195 173 0 0 0 0 0
 203 223 204 203 213 174 250 221 215 0 0 0 0 0
 221 111 109 114 126 125 147 226 115 0 0 0 0 0
 34 37 26 42 27 37 46 59 18 0 0 0 0 0
 288 192 160 174 211 219 280 312 250 0 0 0 0 0
 7 39 171 172 159 162 104 64 129 0 0 0 0 0
 288 282 225 226 245 209 212 242 217 0 0 0 0 0
 69 104 100 90 87 94 69 62 84 0 0 0 0 0
 375 260 287 301 321 342 386 311 285 0 0 0 0 0
 168 124 110 113 114 147 137 135 119 0 0 0 0 0
 55 146 142 109 125 140 59 57 172 0 0 0 0 0
 173 167 142 155 186 252 184 199 154 0 0 0 0 0
 77 86 89 73 83 88 101 97 80 0 0 0 0 0
 137 122 118 113 104 85 98 128 114 0 0 0 0 0
 61 76 117 94 107 98 103 72 123 0 0 0 0 0
 139 124 131 126 129 132 154 120 128 0 0 0 0 0
 243 200 199 203 244 267 332 281 231 0 0 0 0 0
 77 125 121 117 126 127 54 69 108 0 0 0 0 0
 157 122 105 110 109 99 127 135 110 0 0 0 0 0
 216 163 166 222 207 214 249 273 184 0 0 0 0 0
 216 198 198 173 184 202 182 191 192 0 0 0 0 0
 122 176 158 155 153 130 121 125 174 0 0 0 0 0
 169 145 146 127 145 175 161 134 143 0 0 0 0 0
 69 104 85 94 80 69 81 66 85 0 0 0 0 0
 106 108 111 123 118 119 108 102 110 0 0 0 0 0
 170 202 189 188 185 217 160 155 162 0 0 0 0 0
 203 118 127 84 116 124 176 205 141 0 0 0 0 0
 127 93 79 126 121 125 156 127 96 0 0 0 0 0
 164 90 87 82 88 151 116 133 59 0 0 0 0 0
 83 116 102 110 122 126 114 119 75 0 0 0 0 0
 95 72 79 69 74 89 85 89 59 0 0 0 0 0
 193 93 106 113 109 127 160 184 88 0 0 0 0 0
 195 310 356 355 282 329 237 181 232 0 0 0 0 0
 128 176 171 170 94 101 132 127 190 0 0 0 0 0
 47 98 103 85 102 105 38 42 7 0 0 0 0 0
 593 341 298 210 355 336 288 256 344 0 0 0 0 0
 146 174 133 173 148 199 149 126 185 0 0 0 0 0
 257 87 95 122 89 155 266 220 82 0 0 0 0 0
 128 87 85 128 96 114 139 151 111 0 0 0 0 0
 80 149 138 146 153 151 81 73 127 0 0 0 0 0
 83 97 95 60 55 85 91 83 75 0 0 0 0 0
 169 80 84 94 89 92 135 129 91 0 0 0 0 0
 187 158 138 159 128 134 175 154 165 0 0 0 0 0
 63 89 67 56 55 87 73 46 73 0 0 0 0 0
 287 242 201 266 226 250 288 273 315 0 0 0 0 0
 303 109 133 111 484 120 234 264 145 0 0 0 0 0
 152 399 384 374 353 400 173 120 372 0 0 0 0 0
 160 65 94 113 101 132 164 207 133 0 0 0 0 0
 91 33 42 40 43 62 121 90 51 0 0 0 0 0
 106 34 53 48 29 80 137 96 24 0 0 0 0 0
 69 45 58 46 45 62 104 83 48 0 0 0 0 0
 135 144 154 170 160 186 126 125 144 0 0 0 0 0
 116 172 139 115 149 104 75 97 131 0 0 0 0 0
 84 81 93 70 96 93 86 87 92 0 0 0 0 0
 163 141 119 109 125 120 134 117 119 0 0 0 0 0
 140 105 132 120 122 149 165 166 127 0 0 0 0 0
 137 57 52 46 46 77 125 142 55 0 0 0 0 0
 90 58 47 52 55 43 90 91 55 0 0 0 0 0
 131 114 170 116 126 114 118 116 102 0 0 0 0 0
 183 168 200 177 194 173 200 180 198 0 0 0 0 0
 72 107 129 149 138 136 104 87 144 0 0 0 0 0
 69 57 71 71 64 75 65 87 70 0 0 0 0 0
 113 108 107 109 96 103 90 95 111 0 0 0 0 0
 78 64 76 74 62 62 55 78 56 0 0 0 0 0
 257 178 186 160 187 227 258 238 255 0 0 0 0 0
 715 347 347 366 344 384 578 713 360 0 0 0 0 0
 145 146 139 143 127 141 166 206 98 0 0 0 0 0
 34 50 47 57 46 69 55 49 55 0 0 0 0 0
 208 145 106 104 150 118 166 176 113 0 0 0 0 0
 132 95 120 96 125 111 138 136 85 0 0 0 0 0
 65 52 47 37 39 54 57 69 54 0 0 0 0 0
 55 48 64 65 69 38 61 58 58 0 0 0 0 0
 237 159 153 145 150 178 200 233 151 0 0 0 0 0
 138 98 102 105 95 206 107 146 101 0 0 0 0 0
 157 129 119 128 132 158 162 170 171 0 0 0 0 0
 42 75 70 87 61 82 26 23 49 0 0 0 0 0
 44 82 99 82 104 103 51 46 89 0 0 0 0 0
 52 171 174 180 154 162 46 38 155 0 0 0 0 0
 110 52 55 59 89 74 98 112 85 0 0 0 0 0
 98 83 52 70 80 93 66 87 51 0 0 0 0 0
 161 63 64 70 62 95 104 87 70 0 0 0 0 0
 128 118 113 126 115 147 149 156 116 0 0 0 0 0
 305 160 151 155 171 188 325 283 130 0 0 0 0 0
 113 70 85 89 89 100 96 116 104 0 0 0 0 0
 150 97 103 112 92 99 120 174 83 0 0 0 0 0
 189 162 170 161 153 146 195 185 130 0 0 0 0 0
 422 352 324 314 298 338 208 245 348 0 0 0 0 0
 106 48 51 61 50 87 124 118 58 0 0 0 0 0
 236 164 151 194 170 166 243 237 158 0 0 0 0 0
 207 122 117 95 107 139 205 167 116 0 0 0 0 0
 298 173 144 206 180 222 338 271 200 0 0 0 0 0
 168 89 83 105 111 95 107 150 91 0 0 0 0 0
 217 110 115 100 97 137 176 212 109 0 0 0 0 0
 46 40 53 61 64 54 62 54 44 0 0 0 0 0
 87 163 164 176 149 158 90 98 171 0 0 0 0 0
 62 74 65 71 65 60 55 56 73 0 0 0 0 0
 124 110 119 145 153 139 122 136 103 0 0 0 0 0
 53 60 56 14 35 30 43 49 61 0 0 0 0 0
 100 42 55 38 48 47 49 68 46 0 0 0 0 0
 483 235 258 270 261 272 440 482 255 0 0 0 0 0
 127 86 87 72 99 82 106 117 107 0 0 0 0 0
 114 104 115 105 113 81 125 92 113 0 0 0 0 0
 116 79 86 63 69 114 154 140 68 0 0 0 0 0
 134 99 71 49 67 83 138 121 76 0 0 0 0 0
 97 101 104 90 85 100 134 115 106 0 0 0 0 0
 91 87 57 102 107 46 27 63 22 0 0 0 0 0
 137 104 93 82 107 104 150 128 104 0 0 0 0 0
 167 222 242 222 250 203 199 184 236 0 0 0 0 0
 216 160 196 171 163 244 222 227 146 0 0 0 0 0
 111 68 93 90 78 117 106 92 131 0 0 0 0 0
 80 72 61 76 60 80 122 105 104 0 0 0 0 0
 65 56 46 66 64 80 69 63 49 0 0 0 0 0
 111 69 99 98 108 99 87 108 101 0 0 0 0 0
 204 188 186 193 198 190 249 227 158 0 0 0 0 0
 172 203 226 202 166 179 145 196 189 0 0 0 0 0
 54 56 51 57 55 77 59 41 57 0 0 0 0 0
 184 127 139 135 145 154 269 208 149 0 0 0 0 0
 117 107 91 94 95 77 88 108 89 0 0 0 0 0
 522 522 484 464 453 349 324 417 388 0 0 0 0 0
 364 624 562 487 516 440 399 377 458 0 0 0 0 0
 88 80 71 72 76 56 77 67 63 0 0 0 0 0
 194 85 81 63 92 161 213 200 116 0 0 0 0 0
 100 77 80 76 69 90 103 99 66 0 0 0 0 0
 154 111 86 89 81 74 97 123 88 0 0 0 0 0
 76 72 64 69 70 77 77 75 49 0 0 0 0 0
 120 122 115 133 122 97 108 117 138 0 0 0 0 0
 67 69 63 58 65 77 57 53 82 0 0 0 0 0
 62 65 44 43 57 55 50 58 47 0 0 0 0 0
 83 57 64 73 89 69 83 83 70 0 0 0 0 0
 88 57 80 81 86 76 84 66 52 0 0 0 0 0
 148 139 133 156 120 122 142 114 120 0 0 0 0 0
 169 118 105 70 82 101 155 169 93 0 0 0 0 0
 238 111 121 145 129 222 291 280 149 0 0 0 0 0
 87 61 85 85 37 120 99 98 73 0 0 0 0 0
 211 141 111 97 151 148 242 216 125 0 0 0 0 0
 140 109 109 35 117 135 138 161 119 0 0 0 0 0
 84 57 52 33 57 59 91 75 50 0 0 0 0 0
 129 374 406 445 391 409 209 103 362 0 0 0 0 0
 86 86 93 92 102 75 102 92 89 0 0 0 0 0
 208 130 147 161 140 161 191 214 136 0 0 0 0 0
 35 182 201 210 181 173 79 48 125 0 0 0 0 0
 231 138 170 117 141 172 222 250 148 0 0 0 0 0
 118 75 104 109 80 93 140 115 80 0 0 0 0 0
 133 107 138 102 112 135 140 106 143 0 0 0 0 0
 51 44 39 43 46 69 49 65 57 0 0 0 0 0
 188 210 197 199 212 147 145 214 235 0 0 0 0 0
 97 110 99 123 85 111 94 100 84 0 0 0 0 0
 83 31 30 24 41 38 82 47 20 0 0 0 0 0
 192 113 121 103 95 119 181 162 94 0 0 0 0 0
 287 181 187 231 221 305 325 274 162 0 0 0 0 0
 37 56 55 56 52 72 70 66 85 0 0 0 0 0
 590 260 257 175 258 276 513 576 281 0 0 0 0 0
 102 92 107 92 111 122 106 99 82 0 0 0 0 0
 42 94 107 98 106 107 69 55 90 0 0 0 0 0
 68 53 27 26 28 49 55 55 19 0 0 0 0 0
 336 186 222 240 248 288 447 376 243 0 0 0 0 0
 161 115 138 132 134 153 179 167 134 0 0 0 0 0
 132 191 180 217 205 207 170 137 218 0 0 0 0 0
 67 61 62 59 79 63 59 62 59 0 0 0 0 0
 100 86 75 109 99 112 100 93 87 0 0 0 0 0
 224 164 205 171 186 153 206 175 179 0 0 0 0 0
 148 208 231 175 241 237 148 155 246 0 0 0 0 0
 50 45 41 49 46 36 46 71 49 0 0 0 0 0
 219 327 352 325 356 312 209 251 364 0 0 0 0 0
 319 322 328 394 379 321 356 309 357 0 0 0 0 0
 211 94 109 116 138 136 285 275 111 0 0 0 0 0
 105 85 75 75 73 100 74 118 79 0 0 0 0 0
 60 48 65 43 61 59 85 73 45 0 0 0 0 0
 186 124 147 157 125 136 184 162 141 0 0 0 0 0
 155 96 138 138 147 140 148 147 153 0 0 0 0 0
 850 479 414 447 565 521 579 173 566 0 0 0 0 0
 65 11 27 20 28 38 70 82 32 0 0 0 0 0
 276 248 220 225 300 374 276 321 246 0 0 0 0 0
 148 75 116 95 109 128 145 140 96 0 0 0 0 0
 159 113 100 110 96 124 166 185 118 0 0 0 0 0
 182 119 144 133 130 147 170 225 168 0 0 0 0 0
 204 111 127 119 115 148 182 202 125 0 0 0 0 0
 106 134 98 132 119 102 85 91 94 0 0 0 0 0
 71 248 244 232 228 245 139 94 220 0 0 0 0 0
 90 74 79 63 70 65 68 75 72 0 0 0 0 0
 65 46 72 57 60 52 54 62 52 0 0 0 0 0
 130 53 87 79 76 94 122 99 68 0 0 0 0 0
 293 171 159 134 132 171 229 259 129 0 0 0 0 0
 278 216 215 220 235 219 203 229 208 0 0 0 0 0
 91 72 62 62 60 75 97 83 81 0 0 0 0 0
 55 75 60 50 70 80 63 55 60 0 0 0 0 0
 116 71 58 73 84 101 100 90 74 0 0 0 0 0
 36 171 154 193 196 209 33 58 202 0 0 0 0 0
 149 102 99 102 89 141 159 166 121 0 0 0 0 0
 348 345 281 283 385 388 590 557 510 0 0 0 0 0
 91 54 67 71 77 97 119 98 87 0 0 0 0 0
 161 67 60 52 31 85 182 202 56 0 0 0 0 0
 97 74 72 48 58 111 391 387 315 0 0 0 0 0
 218 186 185 149 208 171 211 207 205 0 0 0 0 0
 435 494 443 263 375 376 302 353 320 0 0 0 0 0
 94 72 76 72 70 77 73 82 69 0 0 0 0 0
 94 71 106 100 90 83 105 93 88 0 0 0 0 0
 530 366 323 274 374 320 495 491 348 0 0 0 0 0
 130 142 169 145 157 168 122 107 156 0 0 0 0 0
 325 189 192 153 171 216 294 309 180 0 0 0 0 0
 227 220 267 257 248 250 257 232 223 0 0 0 0 0
 95 93 99 95 106 95 120 131 91 0 0 0 0 0
 39 58 51 49 64 37 54 44 56 0 0 0 0 0
 129 90 73 104 87 126 113 152 100 0 0 0 0 0
 46 87 89 92 83 81 50 50 87 0 0 0 0 0
 89 81 59 58 72 74 65 77 67 0 0 0 0 0
 108 67 89 85 67 83 90 126 71 0 0 0 0 0
 62 61 60 43 66 60 53 46 62 0 0 0 0 0
 143 65 63 75 87 192 219 282 99 0 0 0 0 0
 129 58 66 70 84 96 120 132 78 0 0 0 0 0
 36 101 117 70 107 0 34 43 126 0 0 0 0 0
 32 97 68 77 84 80 25 30 84 0 0 0 0 0
 92 81 78 95 97 80 101 94 87 0 0 0 0 0
 115 77 98 72 97 100 130 109 78 0 0 0 0 0
 109 95 96 96 80 93 120 103 97 0 0 0 0 0
 350 224 217 247 210 319 345 368 253 0 0 0 0 0
 140 144 147 140 180 130 133 109 149 0 0 0 0 0
 90 72 60 60 68 50 66 75 53 0 0 0 0 0
 120 74 67 58 63 91 109 113 70 0 0 0 0 0
 202 135 102 128 140 105 246 160 132 0 0 0 0 0
 141 104 94 89 104 102 149 130 90 0 0 0 0 0
 56 125 137 117 122 125 81 51 136 0 0 0 0 0
 254 238 224 199 221 252 288 301 189 0 0 0 0 0
 143 91 100 114 109 126 232 210 113 0 0 0 0 0
 116 112 108 109 104 91 121 145 113 0 0 0 0 0
 58 267 229 242 240 222 65 54 261 0 0 0 0 0
 119 79 106 122 151 162 148 126 117 0 0 0 0 0
 181 104 115 95 126 132 184 197 129 0 0 0 0 0
 250 185 197 200 210 201 225 245 205 0 0 0 0 0
 92 51 47 55 51 63 83 75 55 0 0 0 0 0
 88 71 41 41 49 41 54 70 60 0 0 0 0 0
 167 110 117 130 118 145 183 171 137 0 0 0 0 0
 113 354 341 1 347 313 80 96 263 0 0 0 0 0
 64 78 72 76 81 77 66 64 61 0 0 0 0 0
 167 73 103 80 83 86 163 116 105 0 0 0 0 0
 133 147 131 126 143 141 108 127 115 0 0 0 0 0
 73 102 85 105 87 138 87 85 126 0 0 0 0 0
 536 402 447 317 422 486 530 540 356 0 0 0 0 0
 52 69 65 57 69 59 73 61 63 0 0 0 0 0
 102 77 76 70 113 115 124 146 99 0 0 0 0 0
 72 124 131 109 116 152 129 93 133 0 0 0 0 0
 316 212 201 119 199 183 199 243 215 0 0 0 0 0
 124 69 61 69 53 77 146 126 85 0 0 0 0 0
 127 70 93 94 101 95 144 116 109 0 0 0 0 0
 179 107 120 116 141 158 194 162 119 0 0 0 0 0
 99 60 78 53 59 66 53 61 60 0 0 0 0 0
 35 150 154 159 143 160 64 45 136 0 0 0 0 0
 82 89 58 52 86 80 62 73 59 0 0 0 0 0
 236 138 96 96 124 152 218 205 132 0 0 0 0 0
 92 73 68 94 81 91 97 91 88 0 0 0 0 0
 283 120 139 156 144 201 293 283 147 0 0 0 0 0
 178 90 111 95 103 118 189 159 136 0 0 0 0 0
 325 236 194 190 163 142 198 222 177 0 0 0 0 0
 66 65 67 66 49 49 55 69 29 0 0 0 0 0
 111 48 61 66 48 61 121 103 78 0 0 0 0 0
 192 87 134 127 120 166 209 232 122 0 0 0 0 0
 65 52 59 60 52 73 65 84 66 0 0 0 0 0
 142 134 93 85 81 130 144 166 86 0 0 0 0 0
 368 194 192 177 185 256 314 442 223 0 0 0 0 0
 97 76 84 58 71 77 88 102 67 0 0 0 0 0
 161 299 278 268 262 289 140 137 258 0 0 0 0 0
 5 106 120 102 117 89 14 9 112 0 0 0 0 0
 47 48 43 35 53 51 59 62 37 0 0 0 0 0
 65 104 99 90 117 99 90 83 84 0 0 0 0 0
 230 164 175 156 153 284 193 170 162 0 0 0 0 0
 77 147 166 138 36 18 19 24 21 0 0 0 0 0
 79 51 54 55 69 67 106 76 60 0 0 0 0 0
 75 214 219 223 224 229 72 74 189 0 0 0 0 0
 317 227 217 155 216 243 324 342 255 0 0 0 0 0
 90 66 76 90 76 81 90 108 70 0 0 0 0 0
 86 131 146 172 171 158 85 93 131 0 0 0 0 0
 138 133 109 138 116 162 103 106 111 0 0 0 0 0
 45 95 96 82 89 75 68 42 94 0 0 0 0 0
 772 530 473 382 483 466 615 656 470 0 0 0 0 0
 163 131 125 132 96 122 130 150 122 0 0 0 0 0
 172 146 107 97 132 113 117 142 109 0 0 0 0 0
 682 658 679 682 672 557 635 621 694 0 0 0 0 0
 65 69 72 67 60 67 93 55 65 0 0 0 0 0
 260 167 167 150 181 219 206 123 163 0 0 0 0 0
 68 63 66 76 66 71 62 50 85 0 0 0 0 0
 109 61 69 89 81 84 98 105 55 0 0 0 0 0
 77 44 33 47 44 55 86 86 41 0 0 0 0 0
 80 101 99 86 94 94 112 71 93 0 0 0 0 0
 152 124 124 129 95 95 127 143 113 0 0 0 0 0
 81 59 75 58 56 72 91 75 71 0 0 0 0 0
 57 111 118 75 116 84 65 84 94 0 0 0 0 0
 104 89 75 79 73 87 65 60 63 0 0 0 0 0
 159 161 174 174 156 146 133 169 202 0 0 0 0 0
 134 43 35 13 32 31 118 99 24 0 0 0 0 0
 163 178 152 100 233 220 203 152 122 0 0 0 0 0
 34 43 8 19 29 25 37 37 47 0 0 0 0 0
 202 190 174 202 193 180 236 172 176 0 0 0 0 0
 69 70 65 41 63 100 74 75 55 0 0 0 0 0
 131 66 71 91 52 68 135 158 56 0 0 0 0 0
 108 75 73 71 64 119 85 98 81 0 0 0 0 0
 163 106 108 137 133 157 169 121 96 0 0 0 0 0
 149 246 231 245 234 243 176 177 220 0 0 0 0 0
 111 189 204 209 229 223 126 90 190 0 0 0 0 0
 121 99 91 76 94 76 99 105 78 0 0 0 0 0
 307 135 163 202 153 253 344 339 197 0 0 0 0 0
 114 73 56 44 77 52 68 103 78 0 0 0 0 0
 68 57 62 66 69 73 137 107 75 0 0 0 0 0
 76 39 44 58 46 70 62 61 59 0 0 0 0 0
 295 233 285 244 248 295 279 322 291 0 0 0 0 0
 422 273 249 277 259 323 389 391 285 0 0 0 0 0
 253 291 245 288 274 215 295 211 216 0 0 0 0 0
 65 60 57 60 61 54 59 50 58 0 0 0 0 0
 128 99 70 76 80 65 81 131 94 0 0 0 0 0
 46 115 101 125 148 110 53 55 113 0 0 0 0 0
 146 127 115 100 90 107 122 122 108 0 0 0 0 0
 454 242 301 313 237 446 463 402 271 0 0 0 0 0
 206 118 110 110 126 119 234 240 116 0 0 0 0 0
 55 44 33 73 94 85 47 39 42 0 0 0 0 0
 92 70 82 80 72 66 102 85 60 0 0 0 0 0
 282 154 156 117 145 163 229 235 152 0 0 0 0 0
 320 329 362 283 298 286 324 324 329 0 0 0 0 0
 418 414 418 424 456 418 377 388 383 0 0 0 0 0
 142 62 98 91 66 102 137 139 56 0 0 0 0 0
 255 190 177 168 182 160 222 222 184 0 0 0 0 0
 82 120 114 116 138 118 96 81 111 0 0 0 0 0
 216 151 135 135 144 154 158 139 145 0 0 0 0 0
 90 88 91 103 92 109 71 72 59 0 0 0 0 0
 136 120 85 109 110 143 153 150 108 0 0 0 0 0
 87 166 134 141 135 129 102 107 137 0 0 0 0 0
 63 53 79 62 54 76 101 83 55 0 0 0 0 0
 116 60 41 27 44 62 123 119 43 0 0 0 0 0
 73 87 94 84 79 77 103 61 70 0 0 0 0 0
 118 57 62 58 72 98 103 88 80 0 0 0 0 0
 107 53 67 63 65 75 101 78 82 0 0 0 0 0
 77 90 102 80 84 75 70 104 89 0 0 0 0 0
 336 187 202 177 179 183 249 274 148 0 0 0 0 0
 115 114 117 104 107 110 101 139 79 0 0 0 0 0
 133 121 112 102 131 124 143 159 110 0 0 0 0 0
 147 111 92 103 112 171 120 138 93 0 0 0 0 0
 149 175 133 182 153 124 179 171 166 0 0 0 0 0
 142 114 88 100 99 81 129 128 59 0 0 0 0 0
 105 83 75 74 84 109 89 116 85 0 0 0 0 0
 166 90 106 111 98 120 195 221 98 0 0 0 0 0
 171 70 103 92 104 120 174 194 122 0 0 0 0 0
 278 188 263 270 253 318 304 354 242 0 0 0 0 0
 159 155 156 148 182 164 151 169 160 0 0 0 0 0
 116 77 62 79 97 73 93 133 96 0 0 0 0 0
 98 89 77 95 83 117 130 117 139 0 0 0 0 0
 1499 701 593 573 615 723 1313 1390 709 0 0 0 0 0
 304 186 217 231 237 247 307 287 220 0 0 0 0 0
 228 154 154 115 160 145 223 160 175 0 0 0 0 0
 122 203 206 185 199 157 177 129 190 0 0 0 0 0
 100 55 65 62 71 70 107 116 46 0 0 0 0 0
 162 116 134 129 85 149 176 156 132 0 0 0 0 0
 1145 596 490 508 461 636 1226 1207 567 0 0 0 0 0
 150 195 163 164 193 182 165 138 182 0 0 0 0 0
 129 85 82 74 87 81 144 141 87 0 0 0 0 0
 233 241 259 184 178 165 140 198 175 0 0 0 0 0
 573 309 365 360 198 392 548 576 348 0 0 0 0 0
 72 86 84 73 68 101 126 119 131 0 0 0 0 0
 358 390 410 364 396 397 380 415 335 0 0 0 0 0
 212 222 221 262 233 306 236 210 259 0 0 0 0 0
 427 314 303 259 281 315 416 475 314 0 0 0 0 0
 207 158 119 136 168 170 215 198 164 0 0 0 0 0
 127 127 144 164 178 146 155 140 145 0 0 0 0 0
 152 92 81 77 100 88 155 106 110 0 0 0 0 0
 264 188 203 226 289 246 251 279 212 0 0 0 0 0
 274 197 184 229 211 252 315 273 217 0 0 0 0 0
 106 40 62 54 66 68 119 105 51 0 0 0 0 0
 145 127 111 59 93 128 120 168 137 0 0 0 0 0
 157 71 51 56 71 67 132 153 57 0 0 0 0 0
 63 43 42 67 35 47 76 56 46 0 0 0 0 0
 31 110 86 75 97 98 40 22 101 0 0 0 0 0
 92 60 48 37 73 67 96 88 62 0 0 0 0 0
 850 606 602 658 947 838 1144 974 730 0 0 0 0 0
 128 100 156 111 114 134 103 122 123 0 0 0 0 0
 121 172 179 183 173 184 140 150 164 0 0 0 0 0
 177 165 144 142 164 171 197 163 127 0 0 0 0 0
 645 382 396 404 488 504 697 584 519 0 0 0 0 0
 154 123 119 118 93 98 104 166 137 0 0 0 0 0
 75 55 51 70 56 69 99 93 67 0 0 0 0 0
 56 99 75 81 56 78 59 72 74 0 0 0 0 0
 75 62 86 114 95 80 109 93 77 0 0 0 0 0
 77 27 30 26 22 53 74 60 32 0 0 0 0 0
 250 122 124 141 133 125 232 261 111 0 0 0 0 0
 95 65 101 118 84 99 77 92 85 0 0 0 0 0
 65 72 72 81 90 83 61 54 81 0 0 0 0 0
 231 107 97 83 90 114 215 237 86 0 0 0 0 0
 66 69 63 71 62 60 66 78 55 0 0 0 0 0
 96 51 48 43 36 77 118 112 40 0 0 0 0 0
 155 119 137 173 169 185 166 144 166 0 0 0 0 0
 239 183 197 131 133 214 225 211 152 0 0 0 0 0
 105 206 175 195 200 189 170 144 223 0 0 0 0 0
 179 106 143 126 137 143 145 156 125 0 0 0 0 0
 170 79 109 122 106 142 197 173 105 0 0 0 0 0
 124 135 153 103 120 153 126 142 142 0 0 0 0 0
 271 172 143 133 138 178 255 328 190 0 0 0 0 0
 140 87 88 87 77 98 120 106 81 0 0 0 0 0
 1862 1169 1107 1051 1161 1145 1632 1695 1126 0 0 0 0 0
 119 75 90 105 88 126 176 167 95 0 0 0 0 0
 205 136 127 122 138 180 249 232 129 0 0 0 0 0
 159 148 140 101 147 129 131 127 133 0 0 0 0 0
 497 475 534 486 451 551 1194 1170 951 0 0 0 0 0
 139 65 68 70 84 85 131 120 57 0 0 0 0 0
 102 66 60 75 65 67 115 77 50 0 0 0 0 0
 125 485 441 473 481 461 138 118 463 0 0 0 0 0
 263 211 225 209 221 233 256 285 217 0 0 0 0 0
 397 372 390 405 401 446 473 459 381 0 0 0 0 0
 260 156 148 138 63 195 296 256 135 0 0 0 0 0
 223 157 137 128 138 145 175 216 156 0 0 0 0 0
 415 185 191 175 219 335 539 597 147 0 0 0 0 0
 85 19 45 39 32 46 86 101 42 0 0 0 0 0
 72 70 64 45 41 63 84 71 56 0 0 0 0 0
 97 197 208 147 123 164 131 94 171 0 0 0 0 0
 150 124 121 118 119 152 182 203 157 0 0 0 0 0
 121 127 109 124 123 106 109 119 118 0 0 0 0 0
 154 55 67 65 81 103 163 159 70 0 0 0 0 0
 320 324 359 346 316 382 343 323 335 0 0 0 0 0
 33 174 143 180 184 188 28 21 168 0 0 0 0 0
 170 95 89 86 112 192 100 133 91 0 0 0 0 0
 101 118 99 108 129 110 94 89 100 0 0 0 0 0
 73 74 52 59 45 40 65 71 45 0 0 0 0 0
 116 94 113 140 109 134 140 143 96 0 0 0 0 0
 65 134 127 132 198 107 86 55 183 0 0 0 0 0
 366 988 977 1009 1000 892 406 267 1004 0 0 0 0 0
 686 359 368 368 354 429 269 605 386 0 0 0 0 0
 85 56 89 63 75 107 85 80 58 0 0 0 0 0
 52 68 79 68 87 63 75 43 76 0 0 0 0 0
 429 204 217 235 234 265 349 305 216 0 0 0 0 0
 298 194 223 202 218 254 305 349 180 0 0 0 0 0
 75 81 90 118 101 90 72 82 104 0 0 0 0 0
 213 280 231 290 265 276 224 193 247 0 0 0 0 0
 65 38 59 70 71 72 77 86 66 0 0 0 0 0
 195 135 180 147 150 179 184 178 149 0 0 0 0 0
 64 53 59 56 75 66 61 52 57 0 0 0 0 0
 187 231 243 198 234 215 141 150 234 0 0 0 0 0
 73 30 14 11 16 27 49 72 80 0 0 0 0 0
 79 81 95 69 80 83 82 80 66 0 0 0 0 0
 87 69 76 95 64 88 60 74 58 0 0 0 0 0
 366 104 110 124 94 170 359 281 121 0 0 0 0 0
 131 79 79 78 55 119 136 137 73 0 0 0 0 0
 115 88 76 108 100 71 143 134 69 0 0 0 0 0
 79 46 43 34 51 63 97 89 54 0 0 0 0 0
 180 179 167 171 166 129 115 191 194 0 0 0 0 0
 248 305 305 293 339 316 261 271 281 0 0 0 0 0
 96 58 61 67 64 64 104 101 66 0 0 0 0 0
 317 386 336 365 402 387 296 293 428 0 0 0 0 0
 144 108 128 97 128 136 158 174 130 0 0 0 0 0
 447 305 363 312 364 360 382 399 305 0 0 0 0 0
 357 230 258 230 215 231 193 166 142 0 0 0 0 0
 88 33 62 55 46 62 95 88 51 0 0 0 0 0
 182 145 118 143 163 193 140 207 126 0 0 0 0 0
 139 172 172 182 176 155 126 135 193 0 0 0 0 0
 112 117 118 98 98 101 115 123 101 0 0 0 0 0
 71 102 96 91 100 113 74 59 101 0 0 0 0 0
 216 109 101 121 120 122 174 211 141 0 0 0 0 0
 135 135 163 135 174 192 153 150 139 0 0 0 0 0
 76 87 77 51 76 54 50 77 70 0 0 0 0 0
 52 58 60 64 68 54 66 56 64 0 0 0 0 0
 42 50 26 5 46 116 62 45 92 0 0 0 0 0
 85 74 89 65 80 81 88 99 98 0 0 0 0 0
 338 249 324 294 312 274 297 350 318 0 0 0 0 0
 215 121 105 120 185 204 293 211 152 0 0 0 0 0
 212 160 177 148 211 185 227 203 161 0 0 0 0 0
 261 105 88 102 141 159 304 284 141 0 0 0 0 0
 85 98 88 101 103 87 97 75 90 0 0 0 0 0
 68 41 48 49 36 45 60 60 40 0 0 0 0 0
 105 88 70 60 64 80 101 88 71 0 0 0 0 0
 118 37 44 64 48 64 123 108 46 0 0 0 0 0
 206 148 181 158 172 180 172 149 163 0 0 0 0 0
 89 1 2 2 8 3 46 96 81 0 0 0 0 0
 112 135 135 140 138 161 113 127 141 0 0 0 0 0
 78 224 232 217 229 201 93 105 210 0 0 0 0 0
 133 129 116 113 140 148 114 123 96 0 0 0 0 0
 143 93 102 106 123 176 165 171 163 0 0 0 0 0
 98 81 98 94 90 105 131 113 99 0 0 0 0 0
 282 162 156 165 178 254 304 248 186 0 0 0 0 0
 89 70 72 85 78 87 62 72 52 0 0 0 0 0
 102 611 613 610 607 616 190 109 521 0 0 0 0 0
 470 359 385 359 391 438 630 649 574 0 0 0 0 0
 116 71 82 63 73 65 110 119 79 0 0 0 0 0
 136 142 125 121 130 123 139 157 142 0 0 0 0 0
 19 64 68 45 61 52 30 22 70 0 0 0 0 0
 170 124 116 117 95 146 138 127 140 0 0 0 0 0
 490 305 294 291 300 371 493 523 301 0 0 0 0 0
 68 66 62 63 58 71 91 84 52 0 0 0 0 0
 462 512 529 488 508 585 503 491 492 0 0 0 0 0
 100 55 55 61 81 97 118 96 69 0 0 0 0 0
 505 291 287 291 299 390 233 97 298 0 0 0 0 0
 157 109 103 117 123 150 138 144 134 0 0 0 0 0
 271 177 144 171 192 192 279 241 151 0 0 0 0 0
 145 135 127 88 134 93 97 124 84 0 0 0 0 0
 200 161 143 112 172 142 163 175 155 0 0 0 0 0
 97 112 105 94 109 109 102 91 114 0 0 0 0 0
 55 56 48 46 64 65 69 57 43 0 0 0 0 0
 100 78 91 104 88 142 166 119 101 0 0 0 0 0
 144 51 71 61 36 94 189 166 58 0 0 0 0 0
 188 205 204 169 194 168 190 212 173 0 0 0 0 0
 150 291 280 270 263 276 150 155 294 0 0 0 0 0
 10 79 64 74 75 80 8 3 94 0 0 0 0 0
 167 97 100 93 105 75 165 123 90 0 0 0 0 0
 156 138 96 139 140 194 129 148 124 0 0 0 0 0
 128 71 80 82 64 96 121 108 75 0 0 0 0 0
 239 190 141 101 124 161 142 198 124 0 0 0 0 0
 138 69 78 93 93 77 121 120 79 0 0 0 0 0
 229 122 116 134 108 139 218 213 110 0 0 0 0 0
 167 112 145 117 168 132 199 178 116 0 0 0 0 0
 106 132 148 130 126 123 103 75 111 0 0 0 0 0
 119 118 106 106 136 144 124 110 104 0 0 0 0 0
 177 163 122 62 111 106 97 111 98 0 0 0 0 0
 166 82 103 89 119 119 135 154 122 0 0 0 0 0
 119 61 61 68 78 94 132 129 79 0 0 0 0 0
 131 72 56 65 70 63 117 148 45 0 0 0 0 0
 655 494 426 458 417 467 509 634 368 0 0 0 0 0
 85 151 146 139 133 127 117 109 141 0 0 0 0 0
 91 79 77 113 78 70 79 71 59 0 0 0 0 0
 226 117 117 126 117 173 235 210 110 0 0 0 0 0
 499 243 163 210 226 243 453 452 235 0 0 0 0 0
 137 107 121 102 103 106 86 147 89 0 0 0 0 0
 184 187 167 154 200 172 191 178 182 0 0 0 0 0
 261 128 142 106 142 126 189 256 141 0 0 0 0 0
 791 551 628 597 663 654 832 893 567 0 0 0 0 0
 101 72 64 55 82 110 223 155 32 0 0 0 0 0
 141 91 57 60 71 66 141 146 88 0 0 0 0 0
 414 354 356 319 374 340 427 422 306 0 0 0 0 0
 126 111 122 144 135 145 193 140 99 0 0 0 0 0
 310 168 182 145 200 198 303 290 156 0 0 0 0 0
 89 49 58 49 46 60 98 68 48 0 0 0 0 0
 68 62 61 74 58 71 91 72 54 0 0 0 0 0
 155 238 242 327 272 328 166 117 251 0 0 0 0 0
 506 676 633 749 561 429 440 599 434 0 0 0 0 0
 175 67 42 68 91 124 192 210 111 0 0 0 0 0
 101 129 85 96 83 109 92 75 87 0 0 0 0 0
 118 118 103 111 102 96 118 88 88 0 0 0 0 0
 156 94 92 74 100 98 120 130 111 0 0 0 0 0
 387 324 381 442 445 461 453 444 369 0 0 0 0 0
 231 159 161 216 181 218 292 243 192 0 0 0 0 0
 187 110 110 94 106 140 244 203 115 0 0 0 0 0
 79 4 7 55 58 77 85 98 59 0 0 0 0 0
 38 29 21 28 24 57 48 53 38 0 0 0 0 0
 126 117 95 100 99 100 98 131 93 0 0 0 0 0
 255 222 256 296 255 298 259 258 266 0 0 0 0 0
 151 120 110 87 96 124 155 184 174 0 0 0 0 0
 148 96 120 99 101 115 127 147 106 0 0 0 0 0
 68 68 56 69 49 51 68 47 54 0 0 0 0 0
 18 114 96 108 112 90 48 30 111 0 0 0 0 0
 260 172 165 164 196 231 278 270 195 0 0 0 0 0
 56 90 98 90 102 88 62 53 101 0 0 0 0 0
 196 160 158 96 161 138 158 175 131 0 0 0 0 0
 82 86 69 72 97 95 87 85 70 0 0 0 0 0
 129 57 55 53 83 91 159 160 90 0 0 0 0 0
 173 127 123 88 122 106 148 149 114 0 0 0 0 0
 277 230 182 152 223 212 245 281 189 0 0 0 0 0
 161 257 159 161 201 224 181 149 186 0 0 0 0 0
 144 188 210 184 213 191 139 130 168 0 0 0 0 0
 121 157 210 197 193 180 202 156 228 0 0 0 0 0
 90 117 94 92 93 105 94 116 120 0 0 0 0 0
 65 84 93 64 65 61 50 49 69 0 0 0 0 0
 193 135 123 127 154 168 200 180 167 0 0 0 0 0
 108 68 95 82 100 87 65 71 87 0 0 0 0 0
 130 38 50 28 52 66 110 89 48 0 0 0 0 0
 78 79 69 61 91 114 98 68 78 0 0 0 0 0
 62 24 26 15 30 36 32 36 19 0 0 0 0 0
 268 108 115 162 116 233 400 294 144 0 0 0 0 0
 165 100 91 99 137 181 179 177 143 0 0 0 0 0
 128 101 29 76 103 124 149 150 62 0 0 0 0 0
 145 190 206 175 201 156 131 135 171 0 0 0 0 0
 327 197 191 238 151 246 321 342 200 0 0 0 0 0
 53 96 94 95 89 80 49 51 81 0 0 0 0 0
 118 61 56 56 63 81 133 122 76 0 0 0 0 0
 194 152 139 135 147 180 183 207 171 0 0 0 0 0
 125 121 96 87 118 100 106 117 95 0 0 0 0 0
 44 39 46 42 40 47 56 30 35 0 0 0 0 0
 101 95 127 123 120 120 101 104 119 0 0 0 0 0
 120 156 145 133 151 190 137 141 168 0 0 0 0 0
 89 91 118 125 134 144 114 113 143 0 0 0 0 0
 190 172 194 163 140 172 216 207 124 0 0 0 0 0
 200 251 205 204 214 214 276 280 257 0 0 0 0 0
 33 50 54 132 105 25 16 125 105 0 0 0 0 0
 119 63 68 89 81 80 121 114 57 0 0 0 0 0
 436 478 452 493 424 333 269 352 395 0 0 0 0 0
 32 38 31 39 39 36 30 48 50 0 0 0 0 0
 75 83 95 76 96 112 73 94 99 0 0 0 0 0
 111 108 90 77 103 96 135 104 109 0 0 0 0 0
 96 99 98 122 110 109 72 57 102 0 0 0 0 0
 196 105 93 71 107 147 199 213 121 0 0 0 0 0
 110 99 132 126 129 142 115 112 97 0 0 0 0 0
 1029 750 623 659 652 669 586 811 625 0 0 0 0 0
 139 118 81 117 86 137 101 136 112 0 0 0 0 0
 135 55 98 76 80 86 173 122 90 0 0 0 0 0
 182 138 137 132 145 141 173 202 128 0 0 0 0 0
 846 609 769 652 1123 1094 1333 1234 1114 0 0 0 0 0
 255 163 125 172 214 358 240 343 167 0 0 0 0 0
 107 64 89 66 83 97 127 110 78 0 0 0 0 0
 78 55 81 77 65 79 78 101 57 0 0 0 0 0
 84 69 68 72 56 63 63 77 61 0 0 0 0 0
 274 162 167 148 101 209 277 289 178 0 0 0 0 0
 93 94 67 77 99 74 89 92 86 0 0 0 0 0
 104 61 66 75 59 96 101 83 91 0 0 0 0 0
 171 98 85 77 93 97 250 173 77 0 0 0 0 0
 35 34 32 51 28 23 28 30 26 0 0 0 0 0
 182 118 131 108 116 96 145 133 97 0 0 0 0 0
 162 177 146 92 149 97 136 122 124 0 0 0 0 0
 93 137 117 103 166 139 108 111 131 0 0 0 0 0
 98 71 85 96 86 101 144 104 83 0 0 0 0 0
 198 147 145 178 129 181 253 207 149 0 0 0 0 0
 72 139 123 150 128 114 121 88 129 0 0 0 0 0
 260 153 132 155 149 216 268 257 122 0 0 0 0 0
 13 11 4 10 9 207 200 197 248 0 0 0 0 0
 474 316 318 315 342 366 532 421 296 0 0 0 0 0
 210 72 75 69 58 110 247 219 79 0 0 0 0 0
 152 109 90 100 112 128 150 153 117 0 0 0 0 0
 295 249 227 273 265 288 348 290 229 0 0 0 0 0
 27 361 311 266 309 283 34 22 309 0 0 0 0 0
 72 57 41 49 60 62 63 66 45 0 0 0 0 0
 104 42 50 32 44 38 83 68 43 0 0 0 0 0
 228 144 158 186 180 185 242 221 148 0 0 0 0 0
 46 103 83 100 95 49 61 65 91 0 0 0 0 0
 93 34 114 84 75 91 86 90 74 0 0 0 0 0
 37 85 85 48 64 59 27 40 58 0 0 0 0 0
 343 180 219 184 210 223 342 370 195 0 0 0 0 0
 75 109 122 126 150 97 113 86 133 0 0 0 0 0
 176 149 134 148 124 129 144 141 131 0 0 0 0 0
 185 530 561 628 623 604 182 207 565 0 0 0 0 0
 119 161 152 177 178 154 158 147 145 0 0 0 0 0
 137 230 215 220 193 198 170 111 199 0 0 0 0 0
 102 84 65 64 88 113 107 115 100 0 0 0 0 0
 91 71 78 62 56 66 94 90 61 0 0 0 0 0
 204 127 129 163 163 137 156 191 117 0 0 0 0 0
 69 39 38 31 28 41 84 112 52 0 0 0 0 0
 79 115 111 132 100 95 91 101 120 0 0 0 0 0
 85 56 37 47 34 56 81 90 56 0 0 0 0 0
 280 157 113 70 89 155 352 337 117 0 0 0 0 0
 93 64 53 63 53 67 82 92 74 0 0 0 0 0
 120 110 106 99 110 135 147 125 103 0 0 0 0 0
 183 301 286 306 280 365 281 215 262 0 0 0 0 0
 251 249 227 193 217 217 248 225 234 0 0 0 0 0
 64 132 104 106 112 109 71 58 120 0 0 0 0 0
 109 76 67 69 63 83 103 108 81 0 0 0 0 0
 104 94 68 110 83 105 162 138 101 0 0 0 0 0
 146 105 108 162 124 151 157 190 106 0 0 0 0 0
 101 162 146 93 142 158 99 115 146 0 0 0 0 0
 326 263 210 235 271 277 209 256 218 0 0 0 0 0
 206 210 226 250 242 235 634 186 222 0 0 0 0 0
 79 81 65 66 71 84 99 106 52 0 0 0 0 0
 152 85 83 79 86 132 132 146 101 0 0 0 0 0
 152 100 116 113 123 230 168 130 88 0 0 0 0 0
 324 255 214 208 217 225 294 296 315 0 0 0 0 0
 135 186 196 153 142 165 138 105 170 0 0 0 0 0
 53 295 245 278 259 237 92 45 253 0 0 0 0 0
 37 65 51 52 46 45 49 28 56 0 0 0 0 0
 97 88 79 88 98 96 122 129 78 0 0 0 0 0
 80 62 49 61 47 56 84 71 57 0 0 0 0 0
 77 77 74 75 69 56 52 61 68 0 0 0 0 0
 127 86 93 91 75 98 128 102 72 0 0 0 0 0
 185 198 170 151 182 202 170 161 183 0 0 0 0 0
 112 71 51 69 71 77 99 107 52 0 0 0 0 0
 386 230 239 212 202 243 317 359 228 0 0 0 0 0
 45 89 89 77 57 106 63 52 105 0 0 0 0 0
 76 55 68 55 57 55 77 66 50 0 0 0 0 0
 222 197 193 144 169 126 138 154 129 0 0 0 0 0
 127 90 76 52 74 63 70 70 69 0 0 0 0 0
 271 292 268 298 284 292 288 277 288 0 0 0 0 0
 235 118 105 126 95 110 121 147 134 0 0 0 0 0
 130 192 164 188 204 177 145 145 174 0 0 0 0 0
 63 392 383 324 397 342 60 41 326 0 0 0 0 0
 147 67 75 52 253 80 97 149 71 0 0 0 0 0
 89 277 251 260 284 201 118 105 275 0 0 0 0 0
 686 430 395 378 454 436 372 574 459 0 0 0 0 0
 60 63 73 77 81 93 65 56 69 0 0 0 0 0
 129 95 101 76 85 101 138 126 97 0 0 0 0 0
 266 178 185 128 165 197 263 260 139 0 0 0 0 0
 253 329 319 334 355 327 233 204 347 0 0 0 0 0
 110 133 115 149 121 112 64 101 139 0 0 0 0 0
 129 152 129 103 129 112 115 115 118 0 0 0 0 0
 395 278 305 203 261 309 410 418 299 0 0 0 0 0
 495 403 387 404 379 452 524 556 401 0 0 0 0 0
 257 178 139 102 182 175 189 217 183 0 0 0 0 0
 155 377 383 384 375 383 181 182 347 0 0 0 0 0
 223 180 182 174 175 200 247 205 186 0 0 0 0 0
 144 146 107 126 121 149 170 130 128 0 0 0 0 0
 3450 2112 1849 1493 2035 2155 3310 3274 2060 0 0 0 0 0
 100 105 110 89 64 129 109 115 93 0 0 0 0 0
 468 345 309 400 326 351 628 698 345 0 0 0 0 0
 43 39 36 43 32 37 39 45 31 0 0 0 0 0
 92 112 84 87 101 73 119 133 124 0 0 0 0 0
 112 108 112 90 104 93 102 115 90 0 0 0 0 0
 89 76 65 66 56 80 81 86 81 0 0 0 0 0
 57 64 65 66 61 58 58 63 56 0 0 0 0 0
 95 140 159 124 161 158 107 113 181 0 0 0 0 0
 216 118 126 77 101 98 234 222 107 0 0 0 0 0
 214 82 87 88 81 115 223 249 106 0 0 0 0 0
 124 33 28 26 32 11 60 138 35 0 0 0 0 0
 99 64 67 82 70 101 90 115 72 0 0 0 0 0
 346 313 256 238 283 305 344 338 304 0 0 0 0 0
 80 67 58 77 65 81 72 65 55 0 0 0 0 0
 167 168 155 116 145 135 127 142 139 0 0 0 0 0
 310 327 302 299 371 317 299 295 390 0 0 0 0 0
 163 115 127 135 107 133 151 176 120 0 0 0 0 0
 343 257 236 193 247 266 361 344 229 0 0 0 0 0
 292 222 182 201 224 239 239 254 187 0 0 0 0 0
 90 62 74 54 67 71 107 86 56 0 0 0 0 0
 160 367 183 176 172 232 12 80 137 0 0 0 0 0
 126 100 125 104 109 113 132 130 126 0 0 0 0 0
 87 83 110 93 106 30 31 97 97 0 0 0 0 0
 145 132 106 77 103 114 141 144 105 0 0 0 0 0
 100 82 85 64 80 111 115 109 66 0 0 0 0 0
 61 126 115 125 131 122 54 54 116 0 0 0 0 0
 57 51 61 46 57 49 59 74 60 0 0 0 0 0
 114 128 108 92 94 86 125 112 111 0 0 0 0 0
 195 305 280 295 277 299 287 274 295 0 0 0 0 0
 90 92 100 85 66 89 112 132 118 0 0 0 0 0
 127 75 77 81 82 81 115 165 69 0 0 0 0 0
 632 374 460 408 420 574 600 612 374 0 0 0 0 0
 167 96 88 94 117 95 145 163 86 0 0 0 0 0
 340 290 320 374 354 356 434 419 323 0 0 0 0 0
 103 64 75 68 94 133 138 135 71 0 0 0 0 0
 78 116 129 118 121 109 105 23 95 0 0 0 0 0
 464 258 279 251 281 355 281 135 166 0 0 0 0 0
 306 362 359 373 353 418 382 338 385 0 0 0 0 0
 167 123 99 105 87 138 200 157 109 0 0 0 0 0
 171 99 88 54 115 83 110 122 79 0 0 0 0 0
 893 601 628 635 683 803 1150 974 902 0 0 0 0 0
 153 106 71 105 92 85 148 144 84 0 0 0 0 0
 153 115 124 86 130 150 221 191 137 0 0 0 0 0
 368 272 239 224 226 259 478 460 285 0 0 0 0 0
 80 81 80 57 83 71 81 77 61 0 0 0 0 0
 90 79 66 76 82 111 146 111 79 0 0 0 0 0
 109 122 83 126 150 116 109 90 107 0 0 0 0 0
 863 750 767 765 772 977 1274 1238 1126 0 0 0 0 0
 86 85 78 76 63 86 78 108 93 0 0 0 0 0
 51 146 154 147 130 160 85 45 144 0 0 0 0 0
 84 149 134 152 133 136 96 91 136 0 0 0 0 0
 95 63 61 17 55 44 111 88 55 0 0 0 0 0
 159 91 97 121 83 102 179 132 92 0 0 0 0 0
 91 35 31 58 50 67 145 98 61 0 0 0 0 0
 116 85 68 92 62 103 135 123 79 0 0 0 0 0
 88 114 121 119 129 110 97 102 104 0 0 0 0 0
 19 90 88 100 87 103 25 16 87 0 0 0 0 0
 941 563 602 545 546 650 683 541 517 0 0 0 0 0
 54 105 75 76 103 82 83 96 113 0 0 0 0 0
 135 96 95 101 96 123 174 142 96 0 0 0 0 0
 240 273 304 379 377 360 337 289 377 0 0 0 0 0
 59 33 48 39 51 48 48 69 38 0 0 0 0 0
 521 229 232 212 224 258 186 298 246 0 0 0 0 0
 157 128 93 31 82 113 102 130 70 0 0 0 0 0
 147 34 36 23 22 32 147 153 24 0 0 0 0 0
 102 119 75 72 89 75 94 118 80 0 0 0 0 0
 96 112 103 112 117 132 83 66 119 0 0 0 0 0
 232 119 99 103 106 133 213 222 118 0 0 0 0 0
 169 411 471 440 476 433 148 92 343 0 0 0 0 0
 152 112 103 109 92 80 136 158 90 0 0 0 0 0
 139 98 107 106 101 132 151 173 133 0 0 0 0 0
 87 72 75 89 54 87 92 99 79 0 0 0 0 0
 27 71 77 71 62 91 47 24 63 0 0 0 0 0
 63 34 43 25 31 37 63 48 49 0 0 0 0 0
 315 444 495 390 447 447 370 335 449 0 0 0 0 0
 88 63 76 55 70 66 89 64 58 0 0 0 0 0
 109 265 269 286 251 276 76 93 282 0 0 0 0 0
 399 249 5 9 12 11 7 12 5 0 0 0 0 0
 152 127 187 185 180 268 143 210 128 0 0 0 0 0
 192 937 917 834 888 847 177 152 874 0 0 0 0 0
 254 240 191 212 234 224 269 252 223 0 0 0 0 0
 79 92 94 125 118 104 118 76 107 0 0 0 0 0
 148 80 73 116 67 89 68 104 99 0 0 0 0 0
 62 81 75 74 69 87 64 64 80 0 0 0 0 0
 114 196 206 195 197 194 109 72 189 0 0 0 0 0
 136 51 34 66 52 78 128 143 53 0 0 0 0 0
 18 195 191 181 179 154 1 1 192 0 0 0 0 0
 453 233 248 262 244 254 235 244 260 0 0 0 0 0
 83 73 59 52 66 62 57 71 57 0 0 0 0 0
 172 285 239 292 306 227 173 182 288 0 0 0 0 0
 193 205 230 236 232 243 219 185 198 0 0 0 0 0
 48 79 82 91 95 76 63 61 77 0 0 0 0 0
 213 217 222 169 174 184 248 242 199 0 0 0 0 0
 97 80 101 120 128 139 157 111 175 0 0 0 0 0
 119 92 101 84 106 93 117 126 109 0 0 0 0 0
 214 212 264 297 267 180 214 161 166 0 0 0 0 0
 561 473 377 321 255 356 552 564 345 0 0 0 0 0
 201 227 218 240 237 244 211 184 231 0 0 0 0 0
 39 107 94 89 84 93 79 24 71 0 0 0 0 0
 129 76 66 74 73 72 79 107 51 0 0 0 0 0
 154 80 87 67 68 100 142 164 78 0 0 0 0 0
 93 64 61 71 56 70 95 64 45 0 0 0 0 0
 231 190 173 158 154 215 255 237 137 0 0 0 0 0
 13 139 123 118 130 137 20 8 133 0 0 0 0 0
 80 101 93 80 110 97 100 84 59 0 0 0 0 0
 164 84 91 83 90 119 169 154 69 0 0 0 0 0
 55 40 37 49 58 36 66 51 50 0 0 0 0 0
 20 85 98 83 75 87 17 23 70 0 0 0 0 0
 166 109 120 127 127 139 126 118 126 0 0 0 0 0
 53 74 80 64 76 87 69 59 66 0 0 0 0 0
 47 132 112 96 106 95 31 16 76 0 0 0 0 0
 177 83 87 75 85 103 183 175 86 0 0 0 0 0
 32 111 90 99 76 109 55 57 121 0 0 0 0 0
 318 273 219 262 240 361 296 352 309 0 0 0 0 0
 162 103 129 93 115 150 162 193 101 0 0 0 0 0
 633 488 413 457 404 479 619 659 442 0 0 0 0 0
 135 116 113 96 110 113 121 143 99 0 0 0 0 0
 48 13 14 18 23 23 141 83 86 0 0 0 0 0
 162 100 102 96 133 103 160 155 112 0 0 0 0 0
 66 74 55 41 50 39 52 49 56 0 0 0 0 0
 164 113 92 89 106 126 180 162 123 0 0 0 0 0
 366 254 214 228 245 231 330 335 263 0 0 0 0 0
 439 231 210 220 238 285 339 321 203 0 0 0 0 0
 134 276 304 279 283 288 176 144 245 0 0 0 0 0
 51 55 39 66 49 54 58 51 43 0 0 0 0 0
 89 95 67 43 67 89 83 79 75 0 0 0 0 0
 252 153 168 158 154 218 266 235 151 0 0 0 0 0
 131 78 87 78 84 107 136 166 59 0 0 0 0 0
 83 42 47 27 46 59 100 89 53 0 0 0 0 0
 390 519 514 452 477 431 378 403 469 0 0 0 0 0
 155 132 125 146 152 182 184 162 144 0 0 0 0 0
 116 50 74 42 61 79 116 173 48 0 0 0 0 0
 168 211 230 198 244 245 120 136 244 0 0 0 0 0
 134 137 169 112 118 151 159 199 136 0 0 0 0 0
 47 102 111 130 133 104 51 44 102 0 0 0 0 0
 220 191 220 183 218 248 221 200 211 0 0 0 0 0
 164 126 111 100 97 111 106 91 97 0 0 0 0 0
 192 136 124 118 135 165 204 194 147 0 0 0 0 0
 141 284 357 301 288 323 173 118 290 0 0 0 0 0
 75 54 37 62 128 105 194 95 48 0 0 0 0 0
 342 220 198 214 158 227 326 374 212 0 0 0 0 0
 125 192 219 161 186 203 160 137 190 0 0 0 0 0
 153 33 45 47 42 54 245 153 44 0 0 0 0 0
 122 77 60 82 86 89 131 137 61 0 0 0 0 0
 29 136 143 160 131 130 54 38 136 0 0 0 0 0
 323 240 287 234 268 285 327 353 219 0 0 0 0 0
 162 129 117 90 132 129 184 196 100 0 0 0 0 0
 57 99 113 103 107 115 82 100 85 0 0 0 0 0
 250 169 206 205 201 179 214 187 201 0 0 0 0 0
 138 211 228 224 244 245 170 123 274 0 0 0 0 0
 122 98 100 96 101 92 141 130 93 0 0 0 0 0
 42 76 57 79 71 86 33 41 77 0 0 0 0 0
 124 116 120 98 110 123 118 106 75 0 0 0 0 0
 739 417 379 379 393 427 544 740 427 0 0 0 0 0
 268 207 196 263 237 272 309 265 286 0 0 0 0 0
 88 60 73 87 69 76 80 84 55 0 0 0 0 0
 397 474 377 500 400 351 328 501 334 0 0 0 0 0
 134 185 115 173 142 124 98 130 124 0 0 0 0 0
 120 116 132 106 103 121 118 105 114 0 0 0 0 0
 92 110 146 124 120 122 98 87 125 0 0 0 0 0
 273 277 340 344 284 394 40 275 318 0 0 0 0 0
 128 88 119 110 112 122 119 126 109 0 0 0 0 0
 153 98 104 89 139 156 149 136 135 0 0 0 0 0
 188 99 80 69 62 83 107 138 90 0 0 0 0 0
 170 132 104 103 111 139 164 195 115 0 0 0 0 0
 126 91 72 73 92 80 129 132 101 0 0 0 0 0
 345 214 229 216 213 324 507 341 193 0 0 0 0 0
 46 108 103 126 119 115 69 42 66 0 0 0 0 0
 41 81 87 67 59 64 60 47 68 0 0 0 0 0
 111 142 118 132 116 110 101 103 120 0 0 0 0 0
 96 62 63 93 60 111 109 86 79 0 0 0 0 0
 268 135 119 107 126 135 255 262 92 0 0 0 0 0
 54 42 52 42 33 43 55 51 51 0 0 0 0 0
 90 149 96 15 71 57 69 104 75 0 0 0 0 0
 317 116 111 64 103 179 351 416 116 0 0 0 0 0
 85 66 87 72 74 88 105 100 81 0 0 0 0 0
 39 134 139 74 122 104 117 36 91 0 0 0 0 0
 175 108 123 124 148 145 200 206 123 0 0 0 0 0
 59 55 68 74 58 74 79 65 88 0 0 0 0 0
 95 99 94 93 98 132 126 111 84 0 0 0 0 0
 96 169 114 113 106 123 135 116 143 0 0 0 0 0
 106 104 120 136 135 129 82 73 129 0 0 0 0 0
 144 80 86 85 91 112 214 134 95 0 0 0 0 0
 154 158 153 106 101 136 171 164 160 0 0 0 0 0
 48 128 130 126 134 111 140 65 124 0 0 0 0 0
 90 73 85 79 85 78 95 101 78 0 0 0 0 0
 61 56 63 59 71 85 65 73 67 0 0 0 0 0
 187 175 189 216 207 215 200 155 178 0 0 0 0 0
 262 361 276 171 163 212 146 258 205 0 0 0 0 0
 66 53 44 77 58 63 77 88 52 0 0 0 0 0
 186 120 96 122 115 116 144 157 103 0 0 0 0 0
 1840 961 847 648 897 921 1482 1552 918 0 0 0 0 0
 101 106 109 110 104 104 104 121 122 0 0 0 0 0
 379 274 280 262 333 352 425 464 325 0 0 0 0 0
 3 5 5 4 12 9 16 3 3 0 0 0 0 0
 156 197 191 248 211 151 154 178 220 0 0 0 0 0
 278 182 138 187 175 172 137 297 214 0 0 0 0 0
 109 75 71 77 55 99 93 87 81 0 0 0 0 0
 267 217 199 210 250 279 289 271 229 0 0 0 0 0
 201 147 159 140 129 167 207 230 171 0 0 0 0 0
 73 52 42 56 59 57 100 61 36 0 0 0 0 0
 193 690 652 656 668 666 259 12 692 0 0 0 0 0
 132 100 135 98 85 90 112 130 103 0 0 0 0 0
 67 50 46 58 239 52 61 67 67 0 0 0 0 0
 59 45 60 59 59 62 67 54 54 0 0 0 0 0
 93 62 67 43 52 51 69 75 41 0 0 0 0 0
 201 162 144 126 170 167 158 189 141 0 0 0 0 0
 120 74 77 89 93 113 112 113 69 0 0 0 0 0
 153 112 101 118 141 147 165 168 128 0 0 0 0 0
 214 132 131 120 131 127 271 243 123 0 0 0 0 0
 43 37 38 46 60 101 52 60 32 0 0 0 0 0
 76 40 44 37 51 54 92 95 66 0 0 0 0 0
 277 252 238 233 267 206 233 279 204 0 0 0 0 0
 112 698 643 629 705 664 115 92 690 0 0 0 0 0
 127 122 115 123 125 105 150 146 104 0 0 0 0 0
 69 61 59 52 61 63 60 78 65 0 0 0 0 0
 154 53 87 69 78 78 139 170 79 0 0 0 0 0
 72 58 62 74 117 56 80 75 71 0 0 0 0 0
 149 82 111 108 106 120 133 159 125 0 0 0 0 0
 76 83 81 95 67 78 67 71 60 0 0 0 0 0
 532 342 355 338 281 427 656 538 343 0 0 0 0 0
 98 193 167 163 180 164 119 90 154 0 0 0 0 0
 109 84 75 83 89 75 63 91 78 0 0 0 0 0
 207 170 199 200 154 213 182 160 146 0 0 0 0 0
 175 145 128 152 150 143 150 146 161 0 0 0 0 0
 62 221 240 242 249 244 117 73 232 0 0 0 0 0
 4 84 70 75 59 64 4 5 74 0 0 0 0 0
 125 125 133 146 132 136 137 125 160 0 0 0 0 0
 0 2 1 4 51 57 25 25 107 0 0 0 0 0
 431 358 371 384 446 417 380 365 371 0 0 0 0 0
 205 104 94 35 92 136 203 214 84 0 0 0 0 0
 337 225 189 175 203 208 354 341 199 0 0 0 0 0
 122 41 42 32 51 64 86 91 38 0 0 0 0 0
 103 90 119 99 91 129 175 133 80 0 0 0 0 0
 99 122 125 127 102 96 94 109 109 0 0 0 0 0
 137 62 70 60 64 68 138 130 69 0 0 0 0 0
 72 123 98 101 87 74 7 71 108 0 0 0 0 0
 41 224 252 233 229 245 70 67 254 0 0 0 0 0
 103 72 88 80 95 103 87 77 83 0 0 0 0 0
 167 98 97 114 90 80 126 128 79 0 0 0 0 0
 60 128 137 124 128 121 88 90 150 0 0 0 0 0
 78 52 34 53 40 59 104 97 52 0 0 0 0 0
 410 301 262 297 237 281 225 333 236 0 0 0 0 0
 107 131 170 149 153 137 88 115 146 0 0 0 0 0
 296 206 224 250 258 273 283 286 256 0 0 0 0 0
 48 791 817 776 831 726 60 53 858 0 0 0 0 0
 251 232 199 271 218 279 251 265 247 0 0 0 0 0
 208 150 155 132 119 160 164 183 139 0 0 0 0 0
 144 148 160 127 117 144 126 135 146 0 0 0 0 0
 106 100 85 88 83 63 84 100 74 0 0 0 0 0
 270 140 165 143 162 172 270 281 128 0 0 0 0 0
 349 602 637 645 629 598 289 272 605 0 0 0 0 0
 260 180 174 168 139 199 278 266 146 0 0 0 0 0
 194 173 146 131 186 213 268 235 198 0 0 0 0 0
 188 120 128 89 89 115 195 169 99 0 0 0 0 0
 81 95 83 97 86 92 90 94 90 0 0 0 0 0
 129 155 151 130 134 128 159 110 147 0 0 0 0 0
 214 108 96 85 118 134 216 218 87 0 0 0 0 0
 106 91 93 86 93 97 82 79 97 0 0 0 0 0
 14 50 61 73 56 63 18 26 72 0 0 0 0 0
 218 438 381 330 424 370 199 172 381 0 0 0 0 0
 45 48 38 44 40 49 71 59 51 0 0 0 0 0
 197 137 111 105 98 102 162 168 86 0 0 0 0 0
 80 73 69 66 67 56 83 117 62 0 0 0 0 0
 61 194 245 220 196 187 59 42 192 0 0 0 0 0
 161 163 137 144 144 160 179 155 178 0 0 0 0 0
 84 52 45 43 45 47 56 44 32 0 0 0 0 0
 97 86 80 76 85 77 69 72 82 0 0 0 0 0
 360 331 290 597 271 338 398 359 277 0 0 0 0 0
 40 23 19 19 27 30 34 29 26 0 0 0 0 0
 38 43 45 52 43 44 68 60 47 0 0 0 0 0
 706 421 477 439 448 496 776 767 453 0 0 0 0 0
 132 134 111 76 108 108 90 131 95 0 0 0 0 0
 309 243 284 238 240 341 368 359 233 0 0 0 0 0
 125 169 148 138 139 107 61 87 114 0 0 0 0 0
 140 150 155 186 158 190 144 153 181 0 0 0 0 0
 751 369 435 447 401 527 606 753 407 0 0 0 0 0
 85 123 115 112 121 130 81 47 107 0 0 0 0 0
 144 78 62 84 79 79 117 106 76 0 0 0 0 0
 63 107 100 85 85 98 73 51 97 0 0 0 0 0
 51 54 66 62 49 41 49 48 61 0 0 0 0 0
 887 714 757 805 794 869 1427 1336 1121 0 0 0 0 0
 226 185 150 135 140 201 214 187 151 0 0 0 0 0
 52 45 47 53 51 52 51 54 42 0 0 0 0 0
 170 175 152 139 152 156 151 130 140 0 0 0 0 0
 90 84 96 75 112 115 75 76 107 0 0 0 0 0
 108 132 130 120 116 114 103 96 111 0 0 0 0 0
 188 122 152 119 130 144 130 164 117 0 0 0 0 0
 3 5 6 11 3 6 2 3 4 0 0 0 0 0
 112 122 161 142 160 159 142 128 148 0 0 0 0 0
 29 73 90 75 69 73 51 46 58 0 0 0 0 0
 201 153 152 156 156 191 191 192 165 0 0 0 0 0
 438 245 262 262 278 279 423 440 272 0 0 0 0 0
 238 88 98 128 136 121 204 201 147 0 0 0 0 0
 185 117 119 75 146 186 131 160 138 0 0 0 0 0
 147 58 59 69 84 95 189 178 83 0 0 0 0 0
 43 116 99 76 64 86 50 43 83 0 0 0 0 0
 437 555 572 543 524 472 397 427 476 0 0 0 0 0
 1044 839 897 1066 1144 1706 1111 1035 870 0 0 0 0 0
 40 97 100 92 112 102 55 43 95 0 0 0 0 0
 168 112 133 131 101 103 132 144 102 0 0 0 0 0
 410 383 365 367 391 359 437 457 358 0 0 0 0 0
 327 267 265 240 267 232 294 311 245 0 0 0 0 0
 100 97 87 87 105 139 141 132 94 0 0 0 0 0
 153 126 87 99 108 108 164 167 111 0 0 0 0 0
 721 567 477 501 415 655 483 676 559 0 0 0 0 0
 258 145 135 43 92 178 224 206 137 0 0 0 0 0
 190 158 179 168 158 170 212 174 170 0 0 0 0 0
 228 84 109 67 79 157 286 240 110 0 0 0 0 0
 326 186 173 195 146 195 317 316 177 0 0 0 0 0
 151 112 132 150 123 162 162 174 113 0 0 0 0 0
 210 181 185 170 165 184 159 214 202 0 0 0 0 0
 155 58 74 70 66 96 158 138 76 0 0 0 0 0
 175 147 184 143 184 134 133 133 179 0 0 0 0 0
 748 592 556 378 487 563 653 648 495 0 0 0 0 0
 389 349 352 376 319 432 381 360 335 0 0 0 0 0
 153 114 93 95 109 145 165 211 110 0 0 0 0 0
 21 52 35 39 46 41 38 27 51 0 0 0 0 0
 326 222 221 168 189 180 244 244 212 0 0 0 0 0
 110 83 84 71 97 70 97 86 70 0 0 0 0 0
 553 267 285 232 269 229 205 109 270 0 0 0 0 0
 172 123 134 135 122 161 181 178 138 0 0 0 0 0
 86 63 84 90 69 60 83 70 71 0 0 0 0 0
 118 72 62 77 88 101 103 130 90 0 0 0 0 0
 602 394 402 384 401 485 192 515 367 0 0 0 0 0
 243 147 126 161 188 217 301 282 153 0 0 0 0 0
 154 125 128 126 134 108 96 110 122 0 0 0 0 0
 112 82 88 70 79 85 121 120 84 0 0 0 0 0
 119 263 222 128 206 191 155 123 197 0 0 0 0 0
 415 507 8 494 420 358 209 310 422 0 0 0 0 0
 372 239 252 275 322 323 416 370 247 0 0 0 0 0
 62 119 114 134 116 99 97 71 115 0 0 0 0 0
 188 148 156 96 170 131 124 157 123 0 0 0 0 0
 73 128 126 82 125 125 90 58 124 0 0 0 0 0
 66 111 115 99 107 117 94 81 110 0 0 0 0 0
 174 139 109 59 145 118 133 116 120 0 0 0 0 0
 98 315 235 210 187 207 562 83 224 0 0 0 0 0
 254 182 172 139 153 208 261 252 183 0 0 0 0 0
 75 17 25 24 15 38 54 43 19 0 0 0 0 0
 119 69 114 70 93 94 103 113 125 0 0 0 0 0
 350 227 271 235 217 275 332 329 218 0 0 0 0 0
 181 261 243 167 243 250 200 168 235 0 0 0 0 0
 155 73 102 61 90 101 138 155 81 0 0 0 0 0
 35 57 51 48 50 50 46 37 11 0 0 0 0 0
 154 194 186 110 152 176 110 113 157 0 0 0 0 0
 339 182 195 219 169 310 428 378 238 0 0 0 0 0
 163 143 115 144 142 167 162 168 208 0 0 0 0 0
 173 195 165 164 190 153 141 183 146 0 0 0 0 0
 266 174 203 151 219 279 269 257 202 0 0 0 0 0
 74 56 51 65 60 86 75 81 67 0 0 0 0 0
 77 59 64 58 68 72 95 76 69 0 0 0 0 0
 83 144 107 118 173 112 70 100 128 0 0 0 0 0
 56 97 92 85 91 86 126 86 130 0 0 0 0 0
 108 89 120 126 138 155 140 108 116 0 0 0 0 0
 46 78 76 67 73 68 71 56 81 0 0 0 0 0
 575 396 464 461 555 752 543 475 429 0 0 0 0 0
 157 108 112 126 104 110 114 117 133 0 0 0 0 0
 122 52 48 50 78 43 108 118 34 0 0 0 0 0
 304 182 195 211 196 220 236 222 273 0 0 0 0 0
 103 58 72 62 69 122 99 131 65 0 0 0 0 0
 127 94 101 90 96 111 146 144 94 0 0 0 0 0
 136 136 150 129 122 121 117 107 128 0 0 0 0 0
 168 132 135 121 139 149 255 282 161 0 0 0 0 0
 100 65 60 78 108 77 81 92 40 0 0 0 0 0
 163 157 163 133 147 191 161 148 140 0 0 0 0 0
 87 60 55 56 74 65 83 84 66 0 0 0 0 0
 89 92 105 107 110 106 109 104 104 0 0 0 0 0
 120 292 276 298 289 224 126 114 300 0 0 0 0 0
 359 589 610 588 667 645 448 354 658 0 0 0 0 0
 458 303 311 298 303 320 162 469 355 0 0 0 0 0
 63 181 195 197 148 145 78 70 183 0 0 0 0 0
