758 99.8608
509 52.0739
1906 36.7149
683 81.558
1163 36.7326
1061 97.0766
149 136.371
1270 239.446
347 436.722
1379 87.3782
1121 132.517
1038 334.403
1986 80.4122
1879 226.833
1742 308.769
1192 80.214
906 100.635
952 171.553
129 416.095
230 107.273
1297 152.12
1145 200.102
315 137.287
143 189.194
953 221.158
17 68.5961
1893 29.2111
985 99.3685
1616 53.062
1005 129.351
1787 166.036
1344 137.376
71 502.963
1113 122.509
345 169.574
1328 61.6351
977 121.76
872 155.882
1657 182.861
1920 231.378
1285 177.739
540 184.896
1535 143.571
445 79.0119
740 106.896
1199 81.9573
879 65.0862
812 79.6408
1054 163.542
43 268.434
742 35.0182
339 70.5791
1343 252.67
750 69.36
307 33.7609
830 215.006
884 359.806
718 194.75
1107 302.842
1613 148.041
313 118.239
1237 108.318
204 61.7043
1916 139.984
1709 217.122
1940 135.867
753 133.834
651 224.66
1814 78.1189
1009 52.2549
1798 80.0506
1588 74.8721
1938 267.45
1122 876.951
677 68.1351
735 145.945
1257 179.948
69 85.468
696 64.7242
1462 81.3924
1743 182.799
491 82.1528
1917 3.62397
187 126.045
128 357.68
1912 48.5974
162 136.691
1405 66.4001
352 80.8021
738 130.788
652 118.84
324 122.524
1887 88.0792
482 32.1035
1785 489.875
453 58.0466
1545 135.041
784 88.123
489 97.4128
1227 134.186
1675 114.183
1733 98.4963
1370 44.0636
215 51.4224
1142 146.014
1768 63.2913
1765 98.2896
1525 16.0918
1972 49.8286
539 99.8418
98 19.9643
480 89.7569
130 62.5494
1430 159.779
771 171.582
469 87.1746
1388 170.77
8 260.551
907 99.6527
1566 43.4791
1267 280.732
1735 90.877
1946 23.7282
1023 82.2865
1372 755.845
1979 92.9316
1471 337.113
1973 99.5326
1538 813.473
1500 122.138
636 138.649
655 147.298
74 77.5179
1031 61.3919
1810 81.2137
483 150.252
169 117.403
970 138.963
902 35.9528
88 79.6409
91 247.38
35 81.9543
253 77.773
607 299.945
659 82.1905
1817 159.699
1695 83.8496
791 116.821
1079 101.491
699 0.260095
173 162.969
580 72.2158
164 141.985
500 66.75
1063 56.6605
134 149.724
419 99.9616
289 69.7186
159 105.654
1822 397.011
1750 259.161
1099 152.063
1477 516.646
1495 184.117
1497 67.5152
1962 62.4374
1786 121.898
617 91.3811
1195 154.127
1217 61.4946
1544 99.9816
554 133.908
1378 152.119
1885 77.5687
1517 203.322
1306 70.0653
1027 24.5291
1948 55.5953
1115 101.682
341 88.8099
703 60.6207
1959 282.395
1469 126.492
327 167.374
642 117.827
1851 118.086
987 529.968
1077 56.1465
413 620.231
967 109.365
1416 195.078
1029 54.0004
785 108.285
174 157.193
373 61.5854
416 71.4161
1419 78.3784
244 116.301
1289 132.728
637 324.577
338 171.337
767 61.3526
1325 460.952
1848 62.6489
1833 67.8176
845 90.4591
799 292.4
1229 70.0109
1053 52.4481
1953 545.592
1708 189.838
1463 90.9177
212 52.1417
1487 108.506
1910 995.059
648 77.8142
594 155.291
31 65.0855
751 51.232
1944 276.287
1078 100.772
1010 104.189
803 180.538
376 62.595
1321 658.933
1942 54.4911
395 47.5108
1300 165.545
1415 118.274
1572 132.259
1756 170.155
1863 75.8079
124 119.326
1464 368.314
1970 145.813
1204 248.297
1515 57.1363
1669 889.935
571 296.796
282 355.024
725 50.0983
1295 1191.97
686 143.499
1832 92.0478
227 77.3025
1576 59.2635
1369 92.7316
1496 92.7849
635 79.6907
166 109.313
1728 139.668
1899 62.8346
1724 146.001
1569 186.151
362 65.1114
1381 61.5943
503 101.364
1220 263.576
504 12.1014
105 55.5456
747 147.615
711 152.497
1667 178.702
1779 148.331
1253 80.9794
631 60.2209
1614 80.1898
1966 259.558
1504 58.8638
1990 119.679
1924 48.1119
382 55.2559
572 87.5078
919 41.5941
450 262.367
645 59.5566
516 3325.46
1978 77.2346
1519 70.4882
1982 67.4389
1872 66.5329
1701 15.6297
840 44.175
916 63.9095
1805 35.8021
1309 396.252
1081 68.9409
838 182.754
1004 59.6661
779 115.005
1240 128.553
616 72.2516
639 261.477
471 541.226
1704 122.19
654 70.5418
548 113.321
1360 86.119
1395 332.786
724 140.179
1878 91.6686
798 765.97
1882 171.761
1149 442.521
865 54.9199
1320 83.7578
63 141.994
1472 103.859
670 397.409
1734 133.482
0 272.21
975 81.1143
983 140.848
1676 832.786
909 267.382
1773 12.1145
1282 326.527
1238 85.3791
271 334.68
171 338.898
1072 69.9258
234 165.066
1889 133.199
1967 54.3269
87 562.572
136 79.2498
1628 2760.32
283 56.9937
1197 72.6564
452 52.3904
1431 362.746
1271 74.8152
165 151.419
474 235.597
424 218.077
766 137.345
1123 82.7497
465 157.082
506 126.308
1671 249.362
1527 280.755
361 134.454
1884 59.8902
1744 562.29
1480 102.261
1568 57.6428
933 916.735
575 142.992
1992 58.425
1516 124.413
685 162.096
1348 109.798
948 75.7906
332 108.987
1125 187.232
1898 27.7944
1397 85.7984
628 189.017
1119 91.6524
214 235.839
860 100.589
431 73.3343
1506 83.9227
1655 65.0397
523 12.3105
1088 74.2497
263 131.195
1897 493.483
1093 224.9
1532 171.201
861 209.908
22 29.9279
813 217.358
1563 210.108
185 198.512
1174 282.495
1313 202.264
1707 205.953
749 134.203
1064 91.256
1373 83.3261
1895 71.9046
1501 119.247
1420 170.824
377 194.107
1875 208.577
475 23.8398
274 379.999
200 81.461
288 87.1706
1076 77.7912
564 232.004
1443 141.317
258 82.2965
125 78.8955
1298 133.943
789 51.2468
882 77.1687
84 130.951
1479 98.5958
1806 173.193
538 95.1391
1400 120.678
1351 73.2417
464 318.777
1548 122.685
1867 132.526
1276 84.1676
547 149.356
1441 47.4423
1191 87.1396
1109 109.636
1826 101.978
1749 75.0394
825 69.0943
1326 104.585
41 108.55
219 86.3574
889 72.1717
106 143.55
280 203.612
561 11.6824
133 229.748
252 169.548
1635 79.0095
728 375.179
477 62.3327
1891 198.021
1838 232.766
54 280.194
1961 150.675
1411 268.822
1958 212.494
1055 116.697
299 73.3053
1374 47.9301
1012 97.4068
1085 146.446
470 74.9705
328 96.1483
1567 289.943
386 93.7959
1139 62.1615
1144 112.544
1603 87.7996
1811 135.335
1428 128.542
96 157.725
928 100.309
1932 85.4971
1774 291.701
869 271.421
1291 227.836
7 90.3297
1552 169.634
1700 80.4618
512 132.26
375 65.7554
1207 173.116
1646 296.731
406 132.377
733 228.258
1181 88.5238
1340 139.017
932 75.0005
1048 110.628
286 294.034
1429 39.5656
936 155.892
1127 274.481
1294 83.6133
1091 196.431
440 309.054
265 63.9789
1901 119.162
343 204.682
1222 120.02
110 78.6867
161 75.5074
759 158.528
1444 226.233
1606 67.9735
1353 202.47
36 218.703
1140 94.7306
741 201.148
795 155.564
1187 122.799
599 236.91
1874 120.622
961 132.319
60 88.6296
1200 217.564
55 107.333
104 160.205
1130 97.5478
1812 86.0649
1233 76.2062
1243 177.524
1579 279.568
1722 96.9181
222 138.605
1236 66.6329
770 94.5882
89 337.415
1392 105.007
1748 48.5337
94 90.1914
1095 90.3426
1852 177.561
1179 193.945
1841 203.519
231 85.0531
1562 93.9795
1595 113.775
1186 110.303
241 70.4368
298 238.17
1954 262.019
2 108.345
1752 176.262
120 79.7142
674 132.912
661 63.3899
1134 190.941
1452 274.962
1921 434.189
1008 143.623
1030 96.3907
1104 83.4186
1533 108.68
1108 123.585
1377 67.0067
973 89.4954
317 216.373
649 684.569
1730 62.7124
1590 128.977
1218 68.1165
1553 71.5945
881 127.506
1316 85.3655
829 128.83
862 59.6899
113 457.533
622 106.808
1845 131.835
526 22.8407
1261 110.113
1976 152.507
209 210.838
780 314.792
818 38.085
565 106.226
1537 177.297
157 82.0153
702 31.9051
1859 201.709
1196 148.595
1100 199.63
1896 67.1375
250 54.3924
1809 75.441
1188 73.1458
524 82.1249
675 169.234
1232 104.774
37 55.6428
314 160.742
387 124.897
1438 115.648
1888 22.0285
358 177.973
1511 212.674
1332 84.4829
1287 146.373
833 148.253
1536 166.755
1762 152.83
1468 536.974
1585 115.98
834 139.452
714 334.068
1509 52.3106
579 844.835
1968 99.2184
1334 239.936
131 99.522
277 408.816
170 201.093
220 124.844
536 211.261
1423 203.77
1189 436.967
1564 48.1418
203 91.5401
255 293.074
1180 255.07
93 112.548
549 93.383
251 166.615
1057 72.2355
1015 69.8927
1903 73.734
517 123.385
590 98.1224
135 112.197
518 171.332
1685 25.5242
1797 39.6007
100 184.871
48 534.235
988 101.598
537 112.356
1484 162.605
1042 206.151
1764 137.256
1778 123.255
1602 133.957
694 311.723
800 80.9391
1608 62.4095
1117 211.079
592 276.669
1629 75.9103
1154 58.6226
772 266.066
1934 464.176
1866 51.8698
1082 90.084
1342 75.9154
418 100.102
1803 382.844
704 163.228
344 139.849
276 112.813
1681 113.33
454 169.885
1807 50.2356
1349 460.501
787 192.182
481 148.652
846 174.745
1065 198.963
1103 431.943
1380 166.782
1401 48.865
329 207.221
1203 200.777
573 63.9268
1643 185.581
701 158.352
1622 480.153
989 223.938
1110 85.5886
323 87.6028
467 73.5427
1834 92.2191
1453 152.765
880 123.328
1726 162.127
372 63.5604
182 117.218
248 53.7758
396 197.911
769 81.1526
1036 146.477
1720 16.4504
593 150.319
778 200.867
181 76.5394
1541 68.7648
1823 39.9828
647 94.2245
306 176.572
151 55.2686
226 129.916
15 98.424
381 77.5571
1299 78.2217
922 124.056
979 111.693
460 45.6076
1528 18.3223
1336 117.696
1470 132.026
1141 512.274
497 59.9873
405 141.422
168 227.037
1474 101.162
354 51.0595
1918 181.602
1490 135.119
228 125.621
951 74.8882
885 92.6422
24 152.728
1324 168.143
6 259.697
193 36.8219
755 113.151
293 102.983
1225 541.134
1366 178.548
1086 148.596
1387 148.498
1269 146.121
1989 119.445
401 185.55
924 36.9445
1398 174.237
1795 307.518
463 181.952
960 272.96
10 52.1259
1106 82.434
1394 119.439
1673 97.752
1026 141.28
1318 67.1107
1662 356.667
1028 32.4575
888 183.648
1732 19.5568
890 817.976
190 39.6592
304 152.299
719 143.661
926 118.365
1296 239.871
912 169.269
1763 42.0911
763 112.123
359 262.723
1550 110.396
743 207.541
796 170.503
83 292.976
1620 103.915
1014 103.016
1759 139.684
1087 96.249
350 74.0413
493 113.714
1820 1230.7
903 126.549
1861 90.9642
238 264.4
1311 126.562
1322 85.276
1926 175.913
1836 90.4337
123 433.417
1473 193.094
788 68.0998
1482 319.956
546 64.0165
310 26.3004
5 91.1553
1580 99.7063
1623 464.968
613 198.206
867 204.654
1632 96.9381
722 249.996
437 92.7788
1881 275.954
1598 90.8825
556 249.393
243 124.951
781 84.4824
938 74.5388
525 132.857
1283 93.593
1554 177.699
1663 142.854
925 107.04
1683 107.323
1736 21.473
1561 64.8652
1556 476.764
913 107.982
1278 94.8702
80 106.393
723 51.5728
1747 172.811
1651 84.5624
1317 189.655
901 50.5548
1860 325.165
1362 111.169
1242 31.6968
790 110.396
1988 178.63
510 264.774
322 205.952
1802 49.0531
1116 307.45
1775 172.622
959 60.7174
1202 291.909
585 75.1977
1862 109.118
357 121.172
75 68.8225
1094 137.853
1427 123.89
1791 124.38
774 294.028
1246 75.6898
1022 90.3418
630 144.202
1272 136.828
1870 110.616
239 229.421
59 160.514
156 113.724
511 82.8919
218 75.3985
208 127.462
403 282.86
443 83.0664
1279 81.4203
1432 74.4493
716 145.179
421 124.093
762 112.478
369 243.02
505 146.84
947 79.6962
70 138.366
216 563.09
1609 206.297
1508 82.9003
49 88.5681
895 100.736
426 73.7468
533 121.374
302 96.2181
598 57.4327
669 182.176
1581 124.765
1843 143.386
1151 246.297
498 114.541
1488 212.255
1019 53.6185
292 199.705
85 143.739
1165 110.392
1412 54.1795
393 141.899
18 193.155
908 151.882
1137 50.3365
1633 125.487
121 61.8465
1586 92.4209
1292 124.586
176 163.307
986 49.5588
20 120.17
660 130.38
915 281.63
1172 105.14
817 71.4066
1129 103.982
1977 184.675
1354 374.532
745 96.3569
1886 198.951
1790 124.409
257 156.698
1385 77.1599
1434 84.758
1957 138.684
1035 120.166
246 183.166
1530 82.7926
240 81.3534
385 216.126
1827 207.544
154 160.254
1559 295.686
495 191.528
417 214.387
1689 182.79
609 107.128
1410 185.951
782 70.6276
1102 21.6445
468 48.1591
398 358.295
1210 336.745
441 107.194
596 68.8626
1183 149.115
1876 195.961
854 56.8911
1361 148.806
272 146.485
1513 94.4765
1331 316.585
943 64.4467
1993 147.773
410 39.6116
614 218.394
1755 190.77
294 79.5156
1591 90.8895
82 183.206
473 54.2617
1451 122.338
875 146.951
279 74.358
196 86.8332
1118 74.1021
1557 186.994
1280 98.0944
1883 191.993
1644 225.532
267 76.9477
993 190.931
1687 43.3318
731 226.927
1754 100.643
1710 77.8129
1330 92.2426
874 61.2637
894 109.367
1640 72.8879
1757 82.5541
1382 99.4372
569 218.086
971 233.98
1226 164.142
33 425.464
584 80.0578
1865 44.0591
627 308.869
61 210.438
247 54.4385
638 127.42
1849 398.455
178 93.9416
1485 91.973
281 134.451
388 79.7312
823 109.025
709 101.768
1914 41.7238
1339 137.488
896 503.801
657 219.506
1437 267.37
998 139.067
1642 58.557
1162 37.3864
1376 263.497
1049 46.6908
530 228.342
40 278.337
1458 93.6307
175 113.042
1080 80.7847
1273 60.5031
811 30.2025
1449 116.257
1083 193.209
138 108.351
1312 138.358
1286 130.286
308 84.3252
394 173.257
1995 82.9317
732 114.566
26 73.1604
1950 188.977
99 266.26
1839 97.6749
930 126.118
634 71.8099
1573 102.489
996 186.542
1250 86.7781
1347 167.075
1277 131.112
1718 150.714
1674 107.469
57 1691.66
1523 163.959
663 110.556
847 79.5458
1206 110.281
422 133.621
1578 80.6147
1338 273.339
1101 181.556
1666 287.085
1974 318.742
486 62.6097
545 122.348
501 203.767
656 75.655
1399 37.0796
1597 44.8038
342 113.321
1637 181.728
1819 191.307
51 141.748
428 65.3176
1075 131.389
1483 257.636
1176 102.792
415 139.751
95 150.643
543 160.603
941 72.1383
1680 120.87
340 328.377
1518 123.024
1476 104.853
955 85.5042
853 599.814
318 190.546
1039 90.2115
1911 208.09
710 65.8082
1706 184.027
1033 97.2537
1314 217.822
1364 302.64
1032 108.817
1466 234.952
333 127.786
461 165.139
567 272.836
368 153.647
261 116.211
1575 154.484
1050 91.0114
643 79.6701
734 87.1161
331 185.553
1409 180.701
1460 589.14
1626 210.711
163 90.3179
435 461.387
816 144.52
821 103.554
562 65.6412
1601 93.9312
1908 61.878
1073 197.904
389 85.9159
1731 164.404
1919 24.8329
1084 196.037
269 163.71
1126 157.895
764 85.517
206 150.403
671 160.583
448 133.364
236 45.4302
1011 124.046
739 278.159
1493 188.261
921 138.312
192 204.959
1358 98.3024
1034 224.375
68 139.164
1753 74.2259
303 284.373
876 168.893
691 187.547
1999 64.089
1178 73.6911
1386 269.592
397 94.7966
290 60.6295
1248 154.927
531 94.3623
662 105.845
118 97.8503
1600 60.946
1712 44.8826
1625 96.2165
346 74.4689
325 431.102
1323 166.516
721 31.4038
1001 113.182
158 166.067
588 65.312
1152 179.666
232 365.872
1161 126.698
752 64.6043
519 108.231
1941 189.34
1587 118.069
527 697.089
737 234.512
379 365.119
559 225.496
611 95.4645
1571 124.999
1902 323.801
1582 209.46
1212 114.35
1717 67.7735
1789 338.999
1368 75.6593
111 159.283
1641 256.417
619 111.823
409 108.682
612 264.372
581 113.587
852 199.747
1696 180.748
965 94.2762
1715 39.6858
542 87.6224
456 83.5117
1421 146.64
1251 343.43
287 98.5662
1634 101.383
1350 130.607
1618 231.096
1965 135.814
1935 191.165
1478 182.263
254 73.7507
1446 34.9201
1658 114.355
1156 45.9437
794 87.3543
107 127.22
1592 127.265
582 96.6072
1138 91.1093
191 92.1479
553 207.154
411 52.1814
858 116.169
4 134.069
1526 116.081
692 64.4975
1855 25.1781
1682 84.4283
459 99.6221
260 150.33
551 158.069
1873 258.799
1426 335.865
1262 384.015
472 26.2605
958 262.968
1448 185.657
911 110.123
364 88.2354
34 200.775
1858 338.431
681 89.4519
1097 136.168
910 95.5332
715 86.4045
857 74.7647
828 436.986
1003 114.313
1170 146.397
863 573.284
917 104.77
1714 104.389
1258 62.4271
1857 56.3008
27 92.1364
1503 87.6525
606 98.5453
1699 107.751
284 309.546
1551 97.0926
311 127.92
1850 96.2058
1433 384.23
843 169.853
142 103.649
1929 143.557
1984 576.911
844 79.3214
1605 72.8461
1164 88.3284
1939 149.58
1971 131.046
1293 105.6
555 65.1839
1160 118.625
186 92.259
1310 256.822
1654 63.5223
365 44.4776
1153 65.2295
180 172.208
1531 72.2809
1315 88.4906
914 149.633
1788 90.8669
201 85.5421
1840 77.6498
1745 102.678
1922 165.998
720 186.552
1741 43.5628
259 90.398
544 137.876
360 121.881
570 101.377
1729 188.266
103 99.1392
432 77.7314
934 120.739
1383 65.0231
1816 155.994
513 75.4121
1457 149.891
146 103.965
856 121.079
806 95.7345
1070 297.031
1981 62.5987
615 141.54
1693 97.9164
1828 207.237
1017 588.411
1105 38.9499
563 426.313
144 103.709
1800 261.528
736 384.898
1540 90.3272
1389 74.0663
892 84.8575
476 101.955
1254 88.0431
1627 123.017
1007 121.014
1450 136.985
316 95.6437
1688 127.393
1096 47.0448
1442 112.738
1329 62.165
1690 45.7523
929 61.1954
455 111.449
444 170.132
245 90.5316
980 100.547
653 130.087
1711 102.647
1661 117.264
1555 132.442
950 215.144
1512 128.636
708 77.8781
1025 152.861
1260 69.1635
1539 243.882
942 108.029
931 74.706
1408 313.07
374 209.996
827 57.3499
1098 129.992
665 61.3498
1607 98.4976
1216 238.502
705 45.7039
1268 79.2676
1241 141.775
558 108.392
1264 65.8679
402 354.695
334 98.6765
23 152.426
974 114.082
851 313.803
676 112.651
1461 79.0299
502 87.3362
1604 258.97
1492 50.6753
1363 121.963
404 76.1484
412 163.792
1365 51.2836
1985 135.25
964 96.3437
383 38.0906
841 83.6599
21 109.415
1963 60.0963
1558 202.658
777 89.1297
1975 134.608
1794 113.973
1002 70.8495
866 106.763
1228 569.264
1375 143.232
16 135.529
1639 84.9381
225 176.163
42 101.79
1128 175.46
1869 67.0991
1767 207.075
1346 132.302
132 59.8873
1201 72.0321
568 140.365
768 220.636
1290 129.653
717 90.4618
650 157.92
668 141.597
1090 76.8917
1406 56.048
127 167.822
1327 74.9154
457 173.722
1951 114.35
809 11.3642
1649 138.757
1894 173.932
1593 141.757
578 123.042
29 75.9341
1692 114.26
1796 52.4097
264 199.052
50 46.7435
1355 252.54
1459 124.9
1584 59.7451
1738 81.3345
1239 122.922
641 131.386
1111 84.8016
1524 195.949
870 123.628
1304 107.655
78 72.4498
273 104.005
1455 120.071
442 79.3532
1818 73.4745
1417 91.0784
966 68.4725
814 75.2883
1617 127.752
1341 145.517
1281 112.12
995 62.7415
430 102.456
679 29.2435
1927 1151.09
1223 149.073
1856 88.9289
1067 62.9063
499 297.903
427 102.331
508 153.944
1746 87.4125
992 73.1428
1804 68.2708
1337 158.922
707 107.332
621 112.515
1307 294.928
1071 299.612
680 103.294
1877 104.832
148 216.363
1120 163.277
658 24.4792
1259 95.9647
1780 53.8604
1808 153.89
1645 160.449
1148 65.4405
1150 109.283
122 129.452
380 58.283
810 68.8232
1194 175.585
479 101.817
492 79.9044
235 109.79
848 122.747
1589 210.365
1403 135.146
425 210.984
1933 185.012
1983 53.3193
1560 102.835
1546 163.493
1937 177.764
1980 71.6388
210 148.642
1570 194.604
1175 161.344
1952 86.2968
1404 76.7451
355 142.591
550 98.355
1549 113.185
336 115.043
1630 284.135
150 77.1798
319 381.441
595 64.5433
1308 241.789
1058 107.035
1249 121.018
577 115.573
1112 208.424
19 120.914
86 69.752
1158 108.292
1969 266.311
1543 285.95
117 58.9655
160 95.0897
1133 85.8617
390 298.879
1209 127.752
237 74.1845
184 100.503
935 105.174
1234 83.4924
1638 154.558
1594 388.502
1060 202.734
1245 148.655
1456 103.495
521 358.729
1670 98.7511
1074 96.6757
496 126.099
1529 81.9492
839 260.956
183 97.3666
1648 96.7622
832 63.6196
1760 146.044
296 251.333
897 145.025
392 519.048
557 136.266
1059 118.827
981 122.006
515 76.7276
688 81.6407
1018 157.935
802 116.277
1043 97.1995
1719 295.313
1964 141.248
114 401.106
963 201.719
56 380.948
223 41.2522
38 337.471
1510 166.872
337 804.981
1783 255.773
285 220.062
797 47.5576
1723 97.4866
1829 83.8755
783 89.0202
1650 85.7406
991 73.1945
326 67.8763
712 210.955
1997 259.257
849 311.236
28 157.584
1402 207.374
320 107.76
13 87.2767
729 341.425
891 162.833
1288 51.7676
81 96.7165
1177 97.9156
1507 87.1952
1697 178.222
644 112.042
1599 93.9898
962 50.4178
1925 50.207
1694 129.386
199 393.391
574 136.976
982 83.5482
1274 230.114
807 546.589
321 53.3845
423 101.178
197 81.894
66 84.1014
1224 48.5667
1390 111.379
1703 307.727
384 83.9525
25 131.786
693 108.352
698 68.5018
871 69.3033
1124 317.306
976 112.795
300 92.8372
213 70.5972
842 114.005
189 100.598
137 269.133
1066 150.494
1596 87.9254
126 121.405
77 45.8164
1698 127.459
999 164.062
664 178.634
1013 76.045
522 61.4734
1215 65.7904
666 250.449
484 125.983
1659 90.5246
920 130.516
1522 74.3907
65 74.6877
335 584.677
667 384.184
1213 32.7321
438 137.842
700 95.5111
1436 115.143
249 76.7661
194 229.385
446 154.384
541 73.7469
268 79.793
1892 51.5916
744 28.4195
1677 86.456
1815 108.898
1168 188.316
682 67.4441
968 239.895
1907 92.3336
632 92.5703
1146 446.037
1171 257.901
458 54.8674
195 187.081
1208 72.4053
1923 182.23
97 82.7476
1799 133.025
836 58.715
153 83.3723
205 92.2265
1821 74.2887
1636 90.753
1684 61.0376
11 106.759
1114 62.1507
1864 119.291
587 73.1728
1702 87.6921
1221 94.8513
414 45.9774
1619 181.662
1367 76.1724
366 96.3745
420 121.327
1577 112.035
1184 116.805
528 106.411
1275 87.178
1955 182.604
76 166.972
1486 37.2737
887 72.4289
433 126.54
1653 118.619
1846 72.7269
1447 110.35
927 175.477
1770 136.168
1880 295.506
822 113.383
1996 145.932
1502 134.357
44 69.2536
211 105.121
1776 91.4694
73 109.173
886 284.319
1678 57.9767
378 91.5507
520 180.3
400 91.9629
102 85.5091
997 197.121
1230 215.738
351 53.0066
1782 540.892
773 346.524
494 89.6968
868 471.586
1498 125.091
1871 422.84
529 223.195
1143 131.953
1205 57.4139
1092 42.1632
155 189.767
1900 527.49
1909 51.0195
535 96.4957
1190 47.0076
152 97.0976
278 621.359
1046 45.8429
1830 207.306
954 143.083
893 160.981
1301 887.464
633 77.7933
1425 177.226
629 212.068
297 514.528
1994 63.6578
1611 152.723
1494 44.3316
1319 28.3149
697 60.5513
1491 54.3499
695 76.3438
604 113.593
1357 388.843
30 415.515
610 140.467
1716 384.625
1 146.055
1475 81.6946
972 190.248
730 1024.89
1831 115.672
1056 99.8909
1062 106.532
1725 404.312
202 582.51
684 257.734
1302 150.095
1505 159.01
1656 110.859
626 176.632
1987 262.313
601 88.2824
899 991.761
761 202.924
808 63.6729
62 277.488
115 265.795
1422 150.012
1853 135.236
1739 44.6195
1166 162.714
1481 174.387
1169 48.1268
198 188.722
1345 1499.57
1132 48.9746
1890 57.739
1051 365.124
1766 173.535
1928 21.7567
147 57.1809
1435 359.571
850 88.3249
756 210.911
589 102.968
108 95.1327
1352 161.226
1915 132.262
837 135.175
918 57.4938
877 61.696
898 155.659
1647 222.946
1384 96.1074
726 181.699
1847 111.087
713 212.12
672 105.312
1960 60.0693
1520 101.183
532 79.4385
1359 69.2434
1660 531.989
1825 258.048
485 113.005
586 149.263
1185 67.2692
937 88.2402
757 63.6533
727 421.455
560 20.6564
1037 141.794
1652 160.84
1020 115.084
305 69.9383
179 319.909
944 79.9727
835 148.587
1542 67.4324
687 84.2154
1751 355.199
576 738.161
746 449.796
1679 97.9152
1391 237.517
775 303.153
831 62.3421
1956 84.7951
1777 208.994
39 104.37
45 154.82
864 317.46
1930 320.604
233 161.583
1842 217.14
1868 259.031
429 60.6981
978 147.167
119 281.467
141 205.993
625 110.113
1943 515.207
1737 100.16
217 20.5682
1089 114.354
1069 91.3513
956 323.413
566 45.1983
295 562.457
1439 201.487
1266 204.942
52 130.446
1905 567.956
1135 217.935
1147 45.5352
765 63.1907
449 71.9781
1686 817.821
490 263.796
820 240.577
760 117.795
597 74.2326
1333 66.1358
101 121.045
64 549.652
262 124.281
1024 191.65
1813 63.5695
266 86.9008
1396 301.311
1727 42.403
1521 102.576
1534 941.681
583 174.364
367 77.8807
1583 217.981
1936 146.147
1793 119.201
407 383.826
1219 55.5817
140 67.268
330 103.08
748 91.072
1157 81.8732
312 126.366
391 158.43
1691 459.853
1615 475.583
1945 110.65
14 154.834
242 341.393
1244 89.4493
602 64.3783
1758 234.946
363 243.418
451 230.242
786 143.558
673 62.5317
1624 172.463
1255 260.264
990 122.931
356 52.8922
1514 256.985
1574 97.391
353 80.4595
1131 74.1676
824 468.834
552 231.768
1045 68.1297
487 71.0639
32 87.2543
90 136.985
1904 144.218
1211 89.2229
514 133.736
1824 124.766
603 99.6213
904 105.167
488 85.9639
109 126.569
1040 256.151
1198 63.1876
1167 307.638
900 125.052
1424 76.5017
608 85.2097
618 135.282
439 62.1327
1068 195.536
1284 91.0738
1006 104.777
1371 268.098
939 105.125
1610 169.208
478 78.9549
1467 179.508
620 97.6539
399 79.1413
534 220.379
408 94.1224
291 89.8251
1044 163.985
1440 92.295
1303 148.008
706 80.9761
1769 253.959
1173 72.3404
434 588.512
1413 47.3381
949 150.491
1837 187.041
172 158.767
1672 261.294
58 323.131
1947 225.211
112 68.2179
689 100.368
1335 53.8907
1418 126.564
1665 330.784
690 248.158
1256 137.218
994 161.37
1182 80.3975
600 112.488
139 156.974
984 195.232
1021 116.038
1414 78.5598
207 93.3528
1792 80.4361
819 226.405
275 144.723
624 111.396
466 127.768
1854 85.219
1252 96.7329
1263 189.39
1664 47.8486
224 63.8664
1781 110.566
805 637.472
309 246.06
12 186.717
1998 391.24
1159 45.8796
1041 136.409
3 204.66
623 144.951
301 67.9133
640 71.1437
1265 101.823
349 101.561
270 51.9731
1761 116.303
1052 83.2194
804 114.969
1721 225.217
9 63.4816
1771 81.6981
188 600.598
923 73.9204
1231 52.5042
1393 305.5
145 676.912
1713 96.6445
256 72.5655
1612 94.2001
1991 199.364
1016 256.968
1931 227.082
371 67.2032
167 88.6165
1214 71.8623
1445 147.881
1454 101.066
678 873.678
1668 114.452
53 318.6
801 108.46
1465 120.342
815 371.563
46 90.491
1740 117.5
221 60.4326
1835 148.104
1949 342.418
1705 92.6989
229 49.893
1621 124.992
1801 58.9878
177 91.5043
67 57.0653
1047 61.3747
1499 216.1
1247 94.8472
1784 105.444
507 89.6967
1136 71.8203
792 83.8
1356 171.597
1913 224.524
883 145.854
1000 64.1278
940 73.7368
605 156.09
1565 74.6847
116 312.95
873 158.025
1844 55.0045
969 66.4743
47 528.074
92 95.2747
754 242.392
1193 159.962
591 413.232
348 92.3154
859 622.37
79 80.6124
945 134.288
72 106.937
1547 112.176
826 36.5695
462 143.061
878 105.746
1631 56.141
957 49.1383
646 314.348
436 52.8767
1235 111.331
1407 63.5522
946 67.7327
447 77.3209
905 90.212
1772 85.4937
1489 208.43
1305 423.396
776 135.852
793 54.6455
1155 123.238
855 55.6871
370 294.48
