134 125.662
339 55.0471
8 249.316
711 159.456
307 26.1317
872 131.059
758 73.1939
1765 100.315
1724 140.523
635 69.7955
173 132.481
983 171.844
204 75.4947
1817 171.909
1240 56.0813
1970 136.758
124 58.7905
1515 74.1681
952 146.699
1463 127.259
830 208.523
1496 85.6537
791 137.458
1848 73.9478
1946 24.5474
234 151.832
1566 36.4656
1882 279.189
1657 212.094
1917 6.22968
838 241.264
1306 57.6455
699 0.917521
1378 197.147
1942 129.228
482 59.2361
413 613.91
1735 33.8809
1701 56.4908
503 111.899
798 934.902
91 213.391
1297 127.499
580 43.0999
1054 109.138
1885 10.1396
1379 30.7289
282 212.744
747 124.725
1009 56.82
1495 161.592
1285 106.854
169 117.039
1953 528.46
1061 100.131
572 63.4009
1938 264.852
376 83.6608
164 96.4101
1010 97.7056
143 117.024
1078 58.3524
1253 69.9352
382 51.1855
651 188.417
1756 118.047
1005 115.834
227 78.0437
1889 252.251
1588 84.9352
105 66.5206
63 148.798
1779 166.63
1966 201.05
1063 62.3436
1192 79.1144
884 465.064
919 47.029
289 66.0213
1569 125.187
1517 247.67
1471 280.788
1462 66.8338
338 103.779
812 77.1652
35 -3.59702
1924 105.613
1734 84.3122
654 93.1458
1704 81.7929
639 171.572
742 71.3823
1504 69.0554
1572 149.37
74 90.5046
244 58.4995
1267 343.943
548 101.464
471 577.508
909 183.934
1295 994.211
865 127.253
1344 99.5839
1142 124.017
1199 76.4563
1419 114.02
1893 119.374
1878 -2.73389
1833 57.7898
1053 70.564
324 124.657
159 155.75
187 107.407
1906 62.1364
1038 320.143
738 83.2844
1469 94.0661
1381 63.1154
0 289.646
230 110.894
655 135.923
313 131.331
645 68.0819
516 2715.6
1879 204.563
1912 40.5125
1982 70.2841
174 141.008
395 30.1995
1328 71.9533
1487 110.693
1029 81.3132
753 110.996
509 70.0555
907 95.4097
43 370.493
345 211.166
1472 105.126
1416 192.828
1220 246.889
670 411.489
352 65.2118
1538 1018.79
652 121.536
453 68.3654
327 172.15
149 84.6105
1270 190.83
1500 124.85
1972 74.2946
1787 102.312
975 78.9792
1525 48.9084
977 160.266
1944 357.644
1113 122.884
215 68.0283
1910 1185.61
1675 103.434
1832 -3.37443
1667 131.243
1204 154.267
162 110.878
1768 29.0775
1863 113.883
1372 672.532
607 280.262
987 494.536
1360 117.699
1115 234.41
1027 43.9366
1733 75.5901
1814 84.924
1289 117.21
725 63.8795
1081 106.41
1822 488.546
1107 390.739
1978 76.9457
212 48.988
1405 54.9238
767 89.0644
1899 51.9016
540 155.537
1004 74.0817
489 75.3815
71 550.84
1227 125.897
1916 119.048
659 71.224
1325 557.213
1079 91.0896
1145 210.534
1309 358.562
1229 64.0988
171 261.42
1300 233.469
1669 981.823
1237 87.705
1072 66.16
1430 143.067
88 3.60391
677 78.2834
1708 344.31
253 61.6933
1805 78.0375
1676 1097.12
785 81.2292
637 321.322
648 101.426
315 125.719
751 59.6184
1750 334.351
1370 71.704
504 54.6689
1962 80.9292
1613 -5.31418
1099 64.1142
1786 89.9044
1920 241.136
1163 60.1909
1973 87.636
1743 111.347
129 422.546
571 256.189
1077 57.8986
483 167.841
1709 238.699
1576 70.0451
469 77.6378
953 165.671
1728 111.682
362 79.4607
1195 141.542
1872 112.049
1940 144.449
1388 114.812
1785 405.702
1979 83.2491
554 45.5409
1238 65.8785
1773 65.741
1544 100.321
845 82.4025
1257 116.475
617 122.612
373 80.6253
1614 140.677
631 52.59
1990 112.567
771 187.159
347 408.459
686 -7.72024
1986 59.666
916 67.1148
1031 86.604
803 125.405
1320 70.7691
1519 74.6802
130 90.0118
1217 108.403
902 63.1372
906 80.3929
985 109.662
271 362.425
1415 78.0891
1149 344.359
750 113.118
69 91.3952
1798 83.2934
1464 415.057
799 168.846
703 49.0744
718 209.263
1535 100.151
840 42.3819
642 120.427
1810 96.2143
1023 73.1024
500 130.567
341 108.312
735 104.362
740 85.2215
724 135.607
1121 113.743
616 64.8341
1695 71.9629
967 118.993
445 87.9902
1742 322.826
539 92.5119
166 98.9582
683 76.953
1477 409.173
1545 93.7554
98 47.7266
1948 59.3016
1616 55.5294
636 191.4
1887 94.2273
491 104.079
1122 798.072
696 89.784
970 133.721
17 60.9101
128 312.041
1343 228.306
784 74.8413
1282 293.663
1497 86.6457
450 336.761
879 33.2925
594 102.425
416 36.8929
1851 101.121
1321 982.289
1369 120.029
779 118.93
1395 354.283
480 68.0764
419 109.649
1959 317.581
31 196.901
739 141.459
1968 105.412
728 360.708
1754 73.5831
547 134.685
1710 80.9825
138 140.648
1550 110.893
1625 163.685
755 108.355
1398 117.217
70 134.363
231 67.3335
61 166.782
1130 110.929
111 176.144
854 61.7654
33 407.846
1277 115.474
622 105.028
463 166.507
1330 67.431
1022 80.9127
1977 136.914
573 57.9008
323 60.5468
1753 45.3232
1748 38.682
1188 67.078
1093 210.5
661 69.3778
1117 188.531
1587 115.732
1774 345.843
1511 147.087
811 47.1425
694 454.854
1101 274.975
498 97.8698
1747 185.573
1600 59.0781
656 91.0711
634 66.4438
279 81.0359
87 607.227
874 73.1762
95 143.442
862 52.9257
630 150.642
867 227.002
951 72.7637
1126 161.481
216 563.485
1528 32.3642
1775 146.679
1575 155.644
789 46.2486
283 36.9847
1591 103.994
1744 586.649
1373 71.8881
381 87.0964
1119 89.7293
1687 36.5233
1896 74.4528
1322 95.7601
1019 45.0955
1852 197.36
441 128.968
1606 58.1253
1476 145.54
1374 47.7013
542 82.2829
83 189.676
1392 99.5864
1296 267.784
1317 107.963
1380 151.485
359 225.293
24 166.059
1581 112.434
1541 87.3075
1139 66.533
1409 157.6
869 235.792
1556 470.473
1509 32.4121
709 101.965
110 88.6253
1298 146.832
477 60.5014
448 85.825
833 124.232
989 199.231
1432 69.1907
286 335.148
1763 59.9701
125 84.2804
394 185.038
501 238.345
281 159.434
135 105.092
1011 140.131
1412 74.2524
196 91.3641
7 69.2873
663 114.027
1382 150.696
1736 31.6358
778 166.077
1559 317.375
1999 82.5531
691 169.353
1860 250.973
1759 159.24
1797 57.2838
1488 270.266
175 127.418
938 83.9515
1349 462.094
875 182.317
1287 111.148
428 73.9173
638 101.129
354 67.3168
1843 123.547
396 121.905
1685 39.0013
470 88.5419
1178 76.0687
1110 62.9437
1065 183.413
406 183.41
421 120.218
214 238.627
817 62.0594
247 54.2636
1582 239.773
1683 91.2503
467 92.5051
941 72.6684
745 134.075
660 158.493
157 61.4477
158 143.967
1590 93.2262
274 514.973
763 83.9335
1722 119.754
732 138.331
1778 142.321
1865 64.3187
1039 84.1823
1537 209.84
1232 89.8094
1350 103.185
1911 177.242
304 187.001
1490 139.037
1311 170.09
1212 135.597
853 554.122
1444 184.036
1598 79.6807
1144 71.0006
657 152.574
1803 276.145
287 93.2556
569 208.846
1196 169.173
1210 286.895
280 206.01
1299 71.1395
308 105.036
251 251.006
512 142.528
1874 162.65
182 151.601
1726 185.418
890 1163.08
1807 40.6332
1271 68.6707
1451 176.555
1586 79.7942
1597 41.4428
1527 410.616
1331 221.575
1336 115.356
293 109.744
1919 44.4185
1015 56.2277
75 73.4355
265 63.9329
1995 73.8987
340 302.972
495 135.747
100 139.633
1353 169.976
1602 114.557
346 148.676
1091 188.55
120 145.492
228 134.742
1717 57.0098
511 101.955
486 45.8651
1898 26.947
41 103.108
226 93.5621
48 479.294
1628 2646.99
611 81.1696
1482 376.129
1248 172.052
860 265.939
1888 19.4063
788 73.2444
716 126.001
943 117.093
1236 76.9455
1084 207.702
1554 181.145
422 153.413
1137 74.9029
1579 177.576
1715 56.7168
1323 131.554
1474 92.7215
252 227.356
1109 111.937
1513 113.467
1483 302.293
1108 145.783
94 102.874
818 39.0277
431 86.454
185 198.61
530 202.054
1438 112.978
628 168.866
1707 49.4756
1752 171.295
1609 221.479
585 71.2131
1161 91.3621
1839 33.3793
816 94.9182
257 101.276
318 152.04
163 107.437
410 20.1247
156 122.041
1662 319.887
385 211.591
22 17.0917
232 439.581
1033 141.176
1207 164.627
84 128.119
912 165.236
1340 151.718
559 133.215
1127 219.032
1186 129.681
948 72.9891
1961 121.039
239 239.056
614 212.659
401 147.566
762 119.575
1180 266.037
1891 158.269
510 242.552
1452 219.808
880 110.281
1386 233.132
1174 238.877
82 168.454
1826 87.9996
474 165.134
1291 258.749
723 90.431
369 312.081
398 247.997
1200 188.053
37 59.0953
1197 60.2781
847 90.3977
1283 112.336
1276 86.5817
151 74.721
685 124.437
322 209.465
1218 79.2498
536 196.399
1730 79.6656
1334 179.917
1049 31.4017
136 71.0239
965 95.3547
357 117.629
1862 92.5237
1316 101.708
733 238.97
593 114.053
1206 116.985
588 92.1001
800 108.371
1571 117.101
1035 98.4395
1941 162.295
15 68.4474
1453 122.178
1623 490.36
1883 160.519
1681 149.206
996 308.531
1530 76.1422
1932 104.195
781 98.2673
960 328.029
525 132.903
998 135.544
1562 63.0498
1428 126.426
168 222.037
452 53.1775
1823 8.75584
1795 308.122
1225 467.864
1385 69.6974
1637 152.575
1532 196.492
1732 32.7607
1338 205.801
176 157.297
1518 115.985
121 61.932
1897 331.795
519 147.639
743 197.678
1314 248.624
894 123.909
389 115.939
1802 50.7799
774 306.716
518 227.798
1116 361.991
561 22.4277
299 37.7525
26 74.0191
1348 126.228
1094 101.966
592 260.844
358 184.712
1410 202.641
537 100.629
1273 69.848
60 86.0983
1055 75.0449
1626 219.648
54 317.347
475 29.6721
1292 113.881
36 235.221
1718 182.012
68 124.188
435 535.337
1026 141.769
701 135.157
437 92.7849
1493 235.146
1172 118.757
619 111.808
1272 163.842
261 131.456
1364 287.75
328 66.3544
1618 185.283
203 150.869
567 227.139
1870 96.8391
823 114.327
524 67.9722
218 62.2475
276 97.2706
1222 94.3689
1151 219.389
1811 125.767
881 123.767
220 128.211
1666 319.071
1261 92.5661
1820 1144.37
1655 41.0998
538 119.096
465 145.793
1064 89.7085
1622 362.046
1696 150.402
752 75.0608
161 68.5782
269 98.469
57 1541.33
248 63.0506
123 397.638
1354 394.722
719 159.385
93 80.1033
1012 96.1707
647 111.743
829 108.507
1992 77.7195
896 518.441
933 704.202
1233 86.8701
387 101.474
350 72.2516
764 70.5115
1085 82.0889
1100 174.95
1903 97.2584
913 86.2906
298 218.671
1827 243.427
1103 341.818
1841 196.911
1568 82.4212
1102 46.8725
1042 256.718
543 117.944
1680 44.5513
1957 141.144
243 201.128
1176 91.4849
527 604.183
1516 107.394
302 93.5389
1533 106.787
895 94.57
18 143.493
1427 136.544
1437 291.806
51 113.458
344 133.617
460 58.3347
55 100.477
790 97.2804
1326 106.162
1014 79.7431
749 169.768
343 254.379
517 83.8765
1008 86.9772
861 165.084
924 53.6273
6 175.725
1845 113.308
1279 70.4136
1643 191.684
1347 158.343
1993 133.657
1663 105.801
1712 55.0182
1918 155.606
193 22.9937
932 39.9796
133 289.031
1458 149.548
1118 82.8916
208 75.0944
1764 125.694
1087 106.315
317 171.068
584 67.351
1401 51.4819
1466 224.689
901 51.6444
1967 37.6359
1836 93.0339
562 72.2678
1050 61.2776
40 279.394
959 66.1856
1423 198.482
1480 106.845
1564 57.3646
1902 299.059
1429 38.7025
1886 144.441
288 74.1496
1567 302.126
556 246.229
290 85.1443
1573 99.09
1791 128.039
575 103.042
1553 85.8692
821 105.757
546 92.4576
325 402.814
1806 179.245
473 20.6462
1441 53.2972
1757 70.4537
649 716.048
1762 166.445
277 462.043
263 107.92
1460 563.0
1595 119.537
1720 36.9422
1470 107.878
772 236.219
876 165.929
1332 74.8647
1834 59.0975
769 71.8787
782 79.0243
908 157.629
921 109.957
1914 73.5636
1313 222.089
1368 59.7075
523 22.7887
1974 243.054
80 92.8535
643 60.4854
613 261.238
1028 35.3006
1819 143.642
190 65.2134
734 63.6213
1958 293.41
1165 128.046
1362 116.29
1048 140.794
1377 70.9884
165 135.997
936 138.726
209 160.069
1246 81.1871
1866 61.9136
10 48.6668
1191 107.416
741 382.365
456 76.8973
1884 72.903
1083 153.115
903 152.98
1152 193.192
565 106.737
1731 159.718
1790 135.805
1243 186.266
1250 82.8986
1508 98.8181
49 90.0354
1608 72.6096
1580 98.4705
770 150.483
1536 153.805
1934 497.201
1867 123.737
1632 97.3951
1901 70.3214
342 158.968
104 162.795
662 91.3988
813 214.544
1129 94.5238
766 209.108
979 117.671
885 76.4354
1671 187.776
928 99.3061
986 45.9408
255 344.574
238 266.378
1642 73.7719
1001 82.6767
1095 86.5049
1034 233.292
303 264.034
454 165.757
1411 281.015
795 127.755
403 332.473
443 40.2344
85 142.12
506 167.136
1318 65.7976
1342 98.8127
1876 189.614
671 124.561
1076 76.9527
200 64.928
1838 221.525
1895 53.7801
1073 124.974
1431 404.023
930 154.9
1859 136.01
1620 113.355
721 19.6493
1140 107.717
702 33.2502
581 81.7503
993 219.306
1633 116.657
1162 25.5961
1082 89.0189
393 175.365
1251 304.009
292 185.95
1629 75.2128
1988 91.361
674 203.267
258 68.4463
1080 92.4776
388 108.158
915 334.66
310 47.6011
825 85.6893
1603 94.6583
1976 138.42
1123 71.207
241 67.2406
1644 291.676
329 202.542
1651 75.4419
181 92.6409
1689 253.549
1954 252.401
1187 141.586
1634 93.7092
888 143.858
1789 291.555
922 119.781
1179 173.803
386 89.375
1134 246.249
1468 647.015
545 123.68
250 61.845
294 80.7726
1812 124.309
379 337.645
1280 103.288
1125 162.904
1989 138.789
333 136.199
1181 69.0096
418 72.6114
89 231.052
1057 66.0374
468 56.4103
1674 88.6894
1400 119.14
1141 417.856
397 102.865
1075 105.167
1950 215.919
609 128.803
796 161.996
1501 163.675
192 176.677
1641 298.214
787 227.845
1875 214.398
1366 95.6392
415 149.011
1809 88.6579
170 194.913
598 58.4626
1030 102.161
1749 97.0889
1861 79.3281
20 126.162
971 229.857
1242 26.0288
710 77.1617
426 73.4757
267 83.5449
1397 77.0856
314 145.143
1351 78.3352
1154 37.7329
564 301.911
1226 144.642
590 94.8285
1361 232.241
1557 146.491
955 48.8247
131 106.808
5 87.158
1269 124.147
579 822.633
596 66.7711
464 406.688
1552 236.832
704 146.281
118 116.009
1921 391.753
731 202.907
1189 455.03
246 147.823
493 124.51
1421 158.677
1394 122.535
1088 54.6882
889 102.848
96 164.795
375 69.3926
1086 187.941
926 165.368
1376 250.073
236 52.3429
1646 292.017
497 63.4385
377 180.86
1548 108.256
505 138.713
846 104.714
1706 278.821
1635 70.9503
1203 160.551
1036 152.528
988 109.848
526 42.8581
417 229.115
272 135.407
424 286.461
240 104.942
947 87.9706
1449 131.272
1183 127.796
113 375.263
1420 130.968
1294 94.8207
106 124.839
961 116.336
533 101.406
1387 163.253
1443 143.1
1399 98.6206
1324 155.5
1561 57.5523
834 108.435
331 175.142
59 173.896
1358 71.3588
973 92.9646
361 144.169
1506 59.5784
627 301.711
306 145.337
1881 284.963
925 116.694
1484 172.558
206 157.229
1700 65.6414
1908 54.0841
737 154.223
1278 79.164
1339 146.228
852 175.931
1312 187.556
1473 211.707
154 198.641
1434 93.6289
612 308.987
714 367.085
368 212.307
882 71.1509
1563 240.58
1578 94.1759
669 165.374
780 310.611
531 108.233
409 104.508
599 233.559
372 64.7297
1104 87.5665
675 166.632
1106 37.1027
1673 79.8492
549 115.057
1849 434.276
461 133.608
481 148.488
1286 179.753
1523 217.724
1032 140.495
1926 366.039
222 133.37
178 116.566
1479 100.551
759 132.185
440 265.367
722 193.166
405 161.533
1601 79.4995
2 103.702
1755 210.972
219 114.632
1485 57.0004
99 288.671
332 93.0377
1640 75.4605
1585 147.223
1202 214.488
1630 446.878
1783 210.091
56 248.464
1877 149.026
1264 57.37
1060 194.573
1241 269.435
1097 115.349
1738 53.2214
1442 75.6167
942 128.585
1067 37.5037
122 118.538
201 130.283
430 178.754
863 547.719
259 78.8202
107 106.42
496 118.729
1459 138.95
1714 117.18
78 64.1319
1461 25.8145
225 166.004
1304 191.012
848 121.215
1249 114.19
1363 125.365
911 114.013
1111 83.3393
1194 81.3557
1074 94.6981
1869 57.0935
1105 30.979
245 64.9212
521 489.16
311 140.291
680 122.554
1223 95.9625
319 391.467
1216 134.274
810 41.3266
1560 93.7087
1150 113.593
392 540.264
641 113.211
897 144.534
1857 36.2351
1650 113.112
1510 226.878
1355 218.982
1389 74.7416
183 110.916
1639 84.2132
34 184.521
1767 175.543
1268 283.765
457 115.637
472 29.6512
1549 82.8035
1593 110.902
444 184.639
1980 93.4065
935 87.6991
1404 54.5908
1607 206.077
806 86.7976
1071 262.876
355 151.291
1746 69.3329
929 74.7272
1682 72.7951
1589 213.118
563 499.893
851 646.298
551 160.757
1112 180.409
553 282.481
1025 125.882
839 183.691
499 2223.61
117 38.654
1259 115.55
29 106.777
964 104.719
1719 210.986
1059 153.496
432 74.7619
1617 119.73
1096 40.5385
1133 62.4026
19 104.316
132 65.6893
1164 76.5699
1315 82.3872
260 168.707
681 60.6672
1551 89.0385
1760 118.357
1570 253.628
650 180.884
995 55.3309
720 124.233
1922 180.97
402 320.797
595 49.726
223 37.3633
337 827.404
479 74.1558
42 64.1342
1245 109.002
966 78.5091
235 91.0932
1375 519.134
1512 108.283
658 2.62076
1228 658.344
23 210.23
284 196.782
1605 60.152
1648 77.094
1308 183.632
1007 146.426
1258 44.3211
917 106.32
892 52.6083
676 128.198
577 141.757
736 394.967
1894 136.948
615 180.873
1850 89.475
1711 148.732
1745 75.9195
412 157.863
1262 363.759
425 144.305
1951 111.701
1337 144.344
1503 80.0829
1456 71.2643
1239 91.8516
148 262.274
1098 100.38
1935 199.727
455 114.995
1654 67.9856
777 74.7229
717 98.215
1310 230.279
1003 147.642
1670 148.021
843 300.591
1981 69.5558
1120 152.2
958 212.109
1690 63.1593
27 81.1127
1070 286.052
1723 93.3308
950 148.114
1290 216.146
1281 85.4315
1529 77.4851
558 95.3619
1128 211.751
1964 118.357
1170 108.421
794 70.0956
186 84.1677
1975 196.061
1858 397.955
1403 125.871
568 135.482
1969 199.695
492 99.9059
1788 89.2832
679 46.6982
1592 88.3048
606 61.17
21 134.668
1043 148.904
621 79.7345
1688 108.189
1346 119.836
934 121.197
858 89.1389
1927 750.187
1433 398.129
150 78.4965
360 128.0
502 94.3192
555 48.237
1780 46.886
1540 120.643
513 63.8044
692 65.4829
1383 58.2296
783 87.4144
1729 193.162
1963 60.8446
1808 94.5465
390 197.164
144 67.8846
1741 44.6312
974 118.833
380 44.2451
364 99.7089
4 143.636
180 157.721
550 88.5361
870 96.2876
1209 153.876
668 125.374
142 112.192
160 121.323
1929 134.245
1408 282.101
1638 161.118
688 91.0028
1800 220.292
442 87.5944
841 61.1482
427 136.118
1526 144.02
828 308.776
992 52.6915
844 69.9095
705 56.7751
16 149.818
296 289.149
1661 153.211
1153 126.431
1234 81.0861
1090 87.8038
365 41.232
1175 126.873
1693 99.253
1531 53.401
1260 66.5553
1627 120.272
1426 492.856
1406 56.9657
1138 83.0537
1658 82.8547
285 211.462
570 97.1183
1448 111.065
712 217.952
1692 82.844
1160 83.8272
1329 83.0726
237 68.8203
1546 179.559
184 125.057
665 48.9992
1939 136.716
1457 169.016
1645 139.214
1933 138.774
1584 62.4245
1017 746.511
103 79.1574
1539 144.47
707 80.925
459 122.724
991 67.5312
1997 306.995
86 53.1184
273 77.179
1446 31.4859
582 87.3111
1018 183.738
981 126.116
1604 251.56
715 86.1693
768 116.25
411 47.917
1455 121.601
374 206.776
1002 70.318
827 37.2485
1492 38.6998
1201 97.5569
914 108.689
857 88.2553
1818 56.2356
1699 80.409
578 99.1782
254 63.6248
797 53.1034
1478 129.021
1829 68.5464
1796 40.778
832 72.2477
1856 97.7038
1341 154.874
1984 360.795
1952 113.82
404 87.8856
114 363.588
326 69.7944
708 67.1521
557 89.2703
980 88.6749
653 106.045
210 127.059
1558 163.575
1594 296.409
1158 89.346
1937 192.15
38 235.738
383 46.1483
1794 109.536
963 148.637
809 5.0972
1971 142.025
1148 95.4926
856 84.6751
336 112.188
910 81.2644
1555 59.4684
1828 166.261
1524 179.082
1327 78.6182
1983 54.6613
1543 273.251
1156 46.9176
1365 55.1808
1058 112.77
1417 96.5026
1965 139.558
508 65.3478
1840 66.7364
866 103.018
544 292.082
1254 62.4937
1649 176.704
802 132.14
515 79.1212
1873 250.776
476 89.5103
1855 13.2311
1307 315.864
127 195.874
146 93.0258
1450 138.846
316 96.0419
1804 56.8827
814 54.5051
334 107.14
50 56.0361
1985 148.771
931 51.7156
191 79.9452
264 232.333
1816 138.178
1293 91.6682
1224 39.0562
205 128.46
13 90.0272
886 619.061
384 86.4893
249 128.988
1923 118.292
1697 253.762
693 88.1504
423 101.863
1274 109.177
927 237.476
1184 159.194
891 120.479
1880 340.158
1577 71.6181
77 38.1036
1955 123.694
1694 68.0457
1502 131.903
836 74.7414
1288 95.7787
438 97.3612
1114 53.9963
1146 389.106
66 80.1343
1171 226.266
822 89.5932
25 92.3818
300 72.4696
1684 52.1175
1486 26.864
541 81.0216
97 67.5563
999 169.754
698 43.5823
520 111.623
433 79.1447
528 76.995
920 136.978
1815 60.2009
522 56.2921
76 129.709
73 82.2027
446 210.321
1776 85.2955
1864 102.114
632 69.9843
194 444.817
982 62.5927
574 143.716
976 104.099
700 116.214
682 87.5508
1275 90.2012
458 114.595
1821 85.8839
1678 67.8895
213 86.5146
644 83.088
1522 89.6814
667 277.918
887 46.861
211 118.509
587 84.4499
268 70.4809
1447 105.287
842 97.9157
320 105.206
744 42.8999
102 55.221
849 229.053
366 52.6428
664 216.291
484 111.215
1659 112.759
420 135.566
1596 88.2335
414 42.0615
137 284.539
1213 39.6739
400 83.0523
1996 121.888
321 72.5175
1653 121.351
1698 134.009
44 44.632
1799 83.3073
335 595.114
65 61.4767
153 65.2939
729 211.278
199 247.235
1402 181.285
1507 47.8296
1436 113.537
1770 89.6294
666 191.687
1208 54.0681
871 135.059
1636 83.2985
1367 83.911
1907 111.145
1124 213.003
1599 51.2919
1846 86.7421
81 76.6212
11 73.8456
1215 78.9446
28 103.069
1168 145.104
1177 105.61
997 146.549
126 109.032
1892 63.9674
1925 52.3698
1619 222.525
1390 109.728
195 107.721
962 62.923
189 55.7529
197 84.3555
378 85.9089
1677 65.9722
1221 75.6334
1066 145.154
968 234.181
807 283.448
1702 85.1486
1013 71.5825
1703 268.983
1182 55.0989
1960 72.0219
640 72.9274
101 119.031
46 97.7514
945 121.956
1494 58.8173
687 83.1733
1737 118.375
172 157.871
1256 283.783
399 77.4043
1037 116.357
623 125.05
835 173.056
202 568.27
1356 205.245
859 648.936
177 85.0114
291 104.239
529 301.552
147 73.6369
646 411.736
1266 178.574
1020 120.071
600 111.717
90 129.471
1454 90.3733
309 272.113
765 74.5028
1230 279.291
1905 602.334
697 55.3892
761 148.309
367 195.816
295 527.91
873 152.87
586 163.681
1414 73.509
1998 413.266
1371 257.653
1716 391.131
1611 165.017
940 73.8577
877 68.2285
1824 166.589
1542 64.3419
969 64.8322
826 41.1551
1046 86.7531
494 120.414
1159 40.013
678 584.146
1052 79.3094
1167 333.237
1301 1000.99
1143 74.5995
305 134.735
116 320.565
1214 53.3808
1235 93.0029
312 156.836
1359 53.9494
994 127.74
773 367.804
1565 75.3671
1305 484.76
837 119.496
1672 292.676
946 57.7838
1751 327.735
349 91.1205
3 214.627
1610 181.438
507 68.9286
878 94.4922
746 412.808
485 78.4943
407 519.268
1647 187.574
672 138.739
52 120.592
1047 54.9576
1772 126.803
275 121.02
1624 169.942
1396 428.234
552 249.803
855 61.9557
535 75.1911
1631 50.7145
602 68.748
1265 86.9697
47 496.465
39 96.493
1244 62.0608
1660 481.966
466 156.67
330 120.845
217 14.4297
1173 57.9364
1021 109.784
155 209.379
1664 69.6489
139 134.142
207 134.4
301 121.025
1831 88.1421
488 63.4036
270 56.8381
1475 85.9481
754 221.918
937 67.2839
1044 156.864
626 106.868
1514 273.763
1854 85.8722
353 67.7398
1521 84.6536
1665 406.843
1761 208.343
1842 138.43
1621 110.189
1835 149.22
30 486.514
490 304.011
532 57.0736
449 61.8714
1739 36.5272
1679 109.73
956 248.603
198 154.828
9 89.8742
1793 115.049
819 213.068
673 99.5043
278 602.513
1051 338.601
576 541.097
1302 124.141
1758 285.879
1440 98.2372
1131 84.9272
1813 67.6149
1837 169.546
109 115.116
1068 238.629
1211 75.4211
1489 248.545
1190 41.9965
868 384.076
1686 762.595
1024 80.329
883 140.291
1193 118.545
145 643.335
591 387.586
1157 62.6909
748 63.1513
1335 52.8274
451 213.958
990 112.824
618 225.323
112 94.0045
351 44.1681
1284 104.199
429 78.2248
727 421.723
620 93.2398
1612 78.5449
1056 97.2739
1945 130.151
188 541.765
1345 1323.03
1384 75.0814
242 421.526
58 171.607
805 654.052
583 199.288
152 134.496
1987 330.197
439 38.0696
1947 203.873
221 29.8755
67 64.9211
850 87.9025
363 348.575
957 39.4542
32 113.623
730 1488.45
831 65.8704
1792 74.5842
233 161.387
224 60.2559
954 161.624
1062 146.451
1782 601.729
64 454.983
898 290.587
793 152.426
1900 490.79
1668 30.8391
408 99.9828
1357 253.825
1890 44.4767
1147 46.1216
1491 61.6819
1255 254.48
1231 64.1557
726 196.457
1928 40.9608
695 74.3991
514 148.452
1534 792.439
1520 103.245
1319 30.6752
786 177.187
1219 52.3057
370 298.509
1705 94.3237
141 199.601
262 100.45
629 172.481
391 126.825
256 62.9171
633 81.0237
1936 155.121
1771 89.0532
601 90.7204
1391 244.736
1132 57.2888
760 84.6719
684 333.789
1930 356.358
1784 102.63
775 322.449
1547 58.8179
978 119.264
356 60.4591
1418 104.378
1089 130.309
1766 167.69
824 624.094
815 261.462
62 199.14
1904 173.82
436 50.637
229 56.4329
689 99.8142
266 94.8006
900 138.058
1006 116.471
1045 41.7286
1721 192.688
1652 117.655
108 92.0337
140 68.1658
1949 264.017
79 69.8655
899 979.26
808 57.8635
939 89.0948
1505 230.257
566 41.7093
918 59.6912
923 111.939
1825 273.549
1868 245.26
1465 108.258
1016 322.779
1303 155.724
434 759.519
53 321.326
1136 69.9071
1407 71.6576
1847 163.102
1853 125.785
1169 34.3627
1943 513.316
1574 99.4976
297 520.02
1725 479.079
804 124.099
1830 265.227
1915 111.459
1777 182.259
944 64.6812
1041 156.371
972 186.551
713 146.88
605 176.607
1991 261.598
1615 480.588
12 174.074
1481 181.625
604 119.488
1769 277.215
905 69.4175
1333 73.4234
1413 50.4633
589 109.567
1871 346.485
1185 63.7366
1931 247.475
893 280.259
1263 218.127
1913 150.858
756 237.451
1956 90.8739
904 93.8254
371 57.8621
1844 44.8173
1198 43.3407
949 139.861
1205 61.607
1435 334.544
1439 162.495
603 112.898
462 156.986
1352 217.308
45 162.039
610 168.572
706 72.2136
534 208.226
1425 175.784
1393 249.691
690 218.818
864 305.841
1499 196.783
820 204.798
478 87.8439
1445 128.253
757 48.4158
776 112.271
1040 245.053
1422 125.729
801 162.397
447 56.5425
487 72.1868
1713 96.6574
119 283.294
1135 241.324
179 290.88
624 119.949
1727 48.4685
1424 59.2442
1000 115.953
984 177.151
1994 59.5221
1909 53.7983
1691 610.564
14 121.545
72 61.2916
1166 174.343
597 70.5126
92 119.17
792 73.5257
167 91.723
560 46.9573
1583 184.555
1155 187.166
348 87.068
1069 71.7992
1498 123.414
1467 164.659
1656 97.1466
1801 42.3611
1 155.414
1092 73.1725
1781 114.158
115 415.597
608 80.3331
625 139.428
1247 131.898
1252 81.2228
1740 136.222
