601 81.248
1147 77.7186
1801 82.8052
1766 249.337
1418 116.498
1319 47.1029
1947 239.51
793 138.052
1244 76.1472
1721 197.721
58 236.318
1169 92.3158
689 127.018
864 372.869
1542 70.0592
1047 62.7817
1021 140.78
695 87.3688
1854 137.031
408 96.9789
514 135.361
1777 183.744
1853 147.633
1235 165.305
1737 137.567
351 102.11
79 72.6401
1173 103.098
1252 80.3838
45 155.534
371 59.7654
1499 240.099
270 66.5756
1668 237.156
1830 312.873
1771 115.433
586 163.717
1825 276.93
229 58.7805
262 111.19
439 127.512
1615 588.957
1936 156.214
602 93.0055
1303 156.756
972 200.219
485 99.4005
730 1640.9
1868 191.511
1006 134.085
850 100.025
1467 215.361
1792 90.0934
487 90.8123
1305 520.895
155 146.228
67 60.8923
305 204.974
1219 125.312
1371 450.049
1491 53.4606
1016 271.923
775 327.145
1 88.7715
1020 142.97
217 21.0721
108 111.604
944 70.6272
808 66.2536
945 167.513
761 162.023
1425 328.506
3 318.88
367 171.775
399 79.7407
776 139.892
786 135.79
940 65.4033
529 316.703
1928 53.3501
1725 495.864
684 329.163
633 100.359
726 147.656
534 268.451
62 213.547
1686 966.506
1956 100.794
1185 66.213
179 342.538
295 773.49
646 298.188
600 103.436
1772 116.151
1831 101.338
1943 599.232
72 189.483
859 605.301
1166 126.421
275 169.477
939 99.9975
1610 246.406
1190 66.2563
713 408.708
242 420.775
348 87.2115
1263 170.441
1514 260.806
1024 399.783
626 170.535
1357 405.13
760 80.5816
1052 83.732
462 151.122
1611 154.87
1256 355.418
1135 244.881
1182 68.6044
353 71.7582
608 98.3948
1045 48.5911
1167 392.188
92 117.581
363 294.831
1069 70.8338
1994 60.8242
1761 183.885
309 234.867
1465 132.788
429 99.9167
356 57.2589
30 490.923
1131 91.9107
1051 418.513
690 261.965
1345 1821.29
1136 77.9235
605 178.374
583 135.984
566 58.8452
893 185.314
1824 170.84
904 100.441
1393 290.027
535 89.9771
221 48.8507
451 326.397
1931 282.33
301 144.136
1155 125.127
53 315.953
1664 81.403
1660 505.988
1769 411.374
1205 66.1702
597 85.1462
1056 110.013
815 665.924
39 89.5077
746 726.517
266 100.109
1521 104.833
90 114.325
1871 347.635
1000 83.6724
748 47.6981
1679 114.217
1159 46.7202
1904 172.022
826 43.0323
990 124.173
330 213.32
687 82.5958
610 192.122
883 138.91
1384 92.3721
1621 124.764
64 461.934
1751 323.018
835 169.354
801 137.166
1391 240.507
172 212.184
119 314.991
152 105.199
1534 1052.41
1727 72.8334
1454 97.8367
1092 98.7308
141 324.932
233 179.572
1847 133.549
1284 156.858
256 77.9199
957 96.2953
1890 51.8748
625 151.121
773 269.103
1143 106.513
1716 425.587
1494 66.3501
1255 261.709
837 122.047
946 56.1427
1445 211.591
1624 182.658
1302 146.091
1440 97.6106
1062 92.0399
115 401.117
1987 303.982
560 34.5816
145 679.012
1422 109.539
488 83.5819
898 304.613
1652 105.445
1781 125.435
1301 1165.42
672 100.407
978 209.564
291 108.2
436 80.8228
1758 332.385
1647 295.436
1842 263.266
756 212.22
878 104.43
407 513.595
207 147.39
804 153.588
1583 195.255
624 131.8
177 90.9645
937 90.0531
923 103.869
1089 248.169
576 968.501
824 645.691
1407 79.7206
765 75.7955
297 936.375
877 64.9578
449 61.1221
447 101.1
1930 383.789
1481 221.122
603 91.2422
1949 636.833
1132 54.8329
112 113.008
1265 76.5962
1414 90.7867
12 249.184
1352 219.083
1813 86.486
167 90.8901
224 75.8704
805 809.292
727 403.698
1913 121.814
466 118.209
994 133.61
139 223.001
1960 74.8657
1793 199.244
1837 156.246
1656 120.638
1835 272.302
188 731.055
1672 424.956
1231 59.8596
140 67.624
900 144.242
202 661.796
1046 73.3417
532 91.2997
855 72.1042
820 243.644
1214 50.7645
1505 165.845
618 206.938
1844 55.3081
1396 345.89
629 154.055
349 147.378
147 81.8532
1435 458.246
1547 63.6555
591 642.479
918 73.8464
116 378.994
109 124.057
1909 52.0216
1198 82.5146
706 78.9732
754 167.541
1230 206.852
52 125.82
899 977.562
604 97.9529
1782 634.041
620 103.249
757 51.7307
198 170.142
1739 65.8976
1247 140.369
1356 204.009
1498 150.617
1520 112.117
14 238.271
1565 89.4478
1041 248.172
1335 54.5219
697 61.3473
1157 58.525
1945 143.217
1915 112.287
1740 133.437
1665 375.559
1998 533.952
32 163.642
1266 197.91
819 254.177
494 118.405
278 711.172
1574 81.9023
640 70.3146
478 88.5392
552 319.92
984 222.914
1068 190.321
1424 70.7709
1211 85.265
1784 83.7522
1991 176.776
1713 119.008
589 126.979
1691 520.877
1900 829.355
1040 248.967
1705 150.086
391 191.016
1359 68.7022
623 191.725
1612 167.551
831 67.9457
873 173.173
434 923.55
1631 51.3544
1413 49.2157
47 491.792
1489 188.025
312 214.328
46 95.4644
1193 266.31
969 94.323
1037 222.225
954 179.596
1475 69.9545
678 998.717
905 178.306
370 290.687
490 302.91
1044 160.759
1333 73.1786
949 146.149
101 129.143
868 386.815
507 103.791
9 93.7122
956 271.855
673 109.206
792 82.9505
1905 655.401
1439 281.167
321 63.6029
25 109.383
65 67.049
76 124.773
249 92.1595
1996 146.489
1522 71.0096
28 138.085
1653 84.5737
433 77.7306
962 59.0907
522 50.2325
335 583.041
1846 65.3117
1703 314.787
73 107.767
1171 207.948
920 124.77
729 244.777
968 238.519
423 96.7129
446 162.94
587 75.8113
300 89.9306
153 78.2721
1114 52.822
1208 60.9572
822 98.0881
664 150.643
420 122.454
1168 139.983
97 80.3331
1776 76.486
102 76.9365
1659 151.997
1486 41.1492
976 109.24
849 261.098
1636 97.3837
195 131.302
528 87.5992
574 151.553
1146 384.79
199 313.423
1177 94.6146
1221 84.0087
458 88.4329
1694 96.1147
1013 70.1219
384 81.5592
1066 151.463
126 93.645
891 146.593
666 263.767
693 91.5641
667 275.008
807 339.015
1288 85.8546
1770 104.796
414 46.0043
886 340.832
842 85.2302
211 99.6984
66 88.7007
1923 134.582
1274 123.137
700 106.102
11 72.1677
1678 61.2317
205 106.973
81 86.2105
1907 85.0065
887 63.359
871 151.137
982 78.1049
1596 86.6238
1447 94.3499
927 162.707
1799 99.1172
366 76.0887
1864 115.975
13 62.3468
1955 138.452
1436 119.875
1599 69.6929
541 72.1537
268 91.3884
1892 53.5512
644 93.7638
1684 69.8497
1925 45.2079
520 124.416
378 85.9699
999 139.555
1124 224.898
698 63.6482
836 65.5607
744 36.4824
77 47.4649
1619 210.062
1213 40.4451
1577 92.9304
320 113.52
1224 39.5056
1702 60.9201
194 292.999
44 50.0506
1502 147.333
1698 131.457
1367 81.8686
189 60.8733
1390 112.23
1815 59.0375
1821 82.5311
1880 343.04
484 115.829
400 81.9488
1697 256.462
632 69.3845
1402 192.429
438 122.523
197 79.4739
682 88.143
137 259.609
1677 92.1554
1275 94.8166
1507 55.3518
213 81.4829
1184 178.018
997 185.812
1215 69.3998
260 177.175
383 43.6821
1997 351.427
245 72.0336
615 120.086
1850 108.69
1670 148.319
1894 136.608
432 84.6771
1201 82.0792
1002 71.5476
1937 182.617
311 135.754
150 87.0141
827 48.0585
1858 351.608
472 42.3072
1985 133.399
1658 89.5851
712 220.984
365 51.7319
1389 77.5338
1540 110.131
442 89.5204
210 135.513
1639 97.6789
1951 100.536
1293 85.1129
1649 187.31
1060 194.599
1971 135.375
981 113.758
1760 83.8508
1327 68.779
1526 106.611
1363 133.844
186 92.9705
606 80.1577
1965 129.499
555 56.7787
1090 84.3699
1714 118.607
794 84.1204
578 114.408
832 72.092
1404 65.8411
1043 166.964
430 123.933
980 83.9213
146 102.816
122 121.056
897 114.036
1818 57.0891
1952 107.145
797 45.7625
653 105.161
476 92.4303
334 103.482
1153 122.472
19 121.463
828 292.441
582 90.8329
1264 63.3078
1617 136.886
1446 40.4845
1148 93.6708
717 86.5322
570 111.643
1071 376.822
132 65.5373
688 90.3066
1816 141.986
1150 118.689
783 80.8839
736 367.585
1111 79.2775
1228 728.953
1560 108.673
1417 92.0834
380 42.1388
681 68.0677
777 87.6104
326 67.5744
1209 129.586
1512 108.428
931 64.985
1478 153.727
1461 37.3774
910 89.9137
50 56.5726
1175 117.664
1650 119.184
402 310.235
1630 502.794
550 105.263
848 115.419
1648 86.3229
1699 81.4979
917 108.417
1738 59.6937
1800 242.921
963 161.102
1605 73.8511
4 178.736
1223 103.205
914 101.778
1156 52.8662
557 109.351
27 82.9107
1922 193.438
1604 211.766
650 201.058
1105 41.9463
577 137.387
974 120.2
1939 147.617
427 139.764
1067 47.5635
1234 90.1512
457 112.771
621 85.4723
856 79.3504
1877 169.57
1529 75.714
316 108.575
1329 71.169
259 82.5812
1692 94.9185
1570 238.221
237 70.4626
499 2005.94
1260 64.5231
1723 96.1927
1933 137.96
1403 135.089
1794 112.902
1510 244.185
806 91.7444
1654 68.0266
844 73.3801
296 335.056
235 68.8089
1627 123.82
858 102.432
148 251.141
1164 81.2784
1855 32.431
966 83.5406
1365 69.2065
1070 306.769
360 136.363
1450 137.927
841 37.9273
995 62.0066
1682 95.2027
705 62.8828
160 131.681
1341 159.872
425 157.368
1539 113.627
201 141.734
1829 66.4534
273 70.4159
117 52.3502
1546 172.873
1258 48.3513
1097 154.364
86 67.1885
1096 51.4819
551 165.193
810 46.189
1003 154.04
1645 122.199
1346 124.159
1767 187.062
502 93.4792
521 437.755
665 52.413
1170 124.737
336 119.53
1457 132.287
1455 121.673
1741 43.1671
411 52.8736
374 155.502
1268 370.944
1459 144.065
1975 164.919
1442 72.825
1984 416.034
1693 115.931
103 91.9738
866 105.517
1869 64.2388
492 94.6355
992 61.5995
1719 193.027
1857 48.2537
1406 59.2068
459 122.999
1120 157.236
1688 120.117
641 116.987
180 144.004
707 105.88
964 88.6461
1808 111.659
1729 160.764
958 216.91
1337 136.031
285 210.027
563 400.539
720 142.76
1456 70.683
1249 124.945
929 79.6176
1355 236.248
1531 66.7877
1448 107.599
1133 77.7027
78 66.5612
1098 97.429
1290 158.296
1059 161.172
1783 219.907
568 136.485
1375 498.341
935 98.6382
1929 130.296
1408 260.749
513 66.8067
1690 62.9756
1873 260.046
1963 60.8919
412 175.89
21 131.102
692 67.5905
1307 345.025
1158 90.9191
364 96.8203
515 82.6095
1503 90.6191
114 392.899
1017 796.698
1239 125.589
870 95.1105
802 147.594
1259 128.166
1160 90.8783
892 65.8879
127 146.715
1828 189.133
950 175.708
768 103.14
1383 73.1593
1058 115.53
1492 45.7042
183 100.898
1426 495.358
715 90.672
1433 457.713
23 200.567
1315 87.3436
1592 81.2419
319 366.774
1241 198.218
1638 181.184
508 39.8029
1983 62.5391
1549 96.1443
1593 111.737
676 98.8094
851 488.992
184 128.763
942 122.553
1025 146.238
1780 50.6832
1543 301.582
595 54.6296
144 82.1426
679 53.0133
392 555.242
1308 202.601
56 251.151
680 125.543
1589 213.965
1018 169.767
42 72.8536
1524 184.981
1112 182.277
1856 108.576
1007 157.489
1245 102.363
1745 80.3754
1128 179.409
1555 42.4876
1804 68.1073
107 120.075
29 84.7701
1607 224.753
1711 122.708
254 66.7964
284 224.783
1980 96.4391
708 66.279
1074 84.5949
558 112.595
191 81.1873
553 255.045
142 112.667
1661 133.388
1194 92.978
264 182.099
1216 119.07
16 140.144
223 44.1405
1927 825.781
991 70.0079
1964 129.703
544 302.166
444 206.359
225 178.308
839 190.619
1281 66.3428
1304 248.695
1788 103.044
911 116.95
34 162.635
390 213.497
1138 83.2233
668 122.727
934 104.577
404 89.8631
1796 57.3189
863 627.172
1262 389.61
1558 131.322
1981 59.3818
1584 68.9928
1551 97.0988
658 20.9666
1746 75.2884
814 59.7256
1594 326.746
1840 61.7724
38 218.927
355 146.959
337 903.042
1310 185.712
809 17.6552
1935 194.774
857 110.319
1969 202.432
479 73.1345
455 107.125
843 267.691
496 104.503
1254 74.8848
1277 123.752
1196 163.095
441 125.047
1468 645.104
569 190.159
218 63.6126
247 51.7058
1322 108.04
83 209.991
1180 244.12
401 149.439
272 126.185
6 186.097
228 108.758
1696 177.27
912 174.198
704 141.858
303 256.852
1582 201.609
1883 152.116
1246 82.3486
342 136.275
769 78.2146
1261 101.301
611 94.9019
1554 198.178
1218 72.498
80 106.735
208 79.8333
135 99.4464
252 169.867
1441 52.1411
1749 126.864
1629 82.146
882 75.2958
1269 118.171
614 198.877
960 321.328
281 160.676
1104 96.6538
1178 90.226
1553 85.0693
908 146.811
1085 100.317
579 811.241
113 387.09
1839 45.2613
948 74.6297
151 67.2116
70 131.075
979 115.242
545 119.778
276 85.7883
84 113.196
1754 74.4992
1919 41.2547
675 160.5
1934 370.013
1730 89.0803
959 65.1148
379 310.753
961 125.061
649 761.429
377 184.888
722 213.145
465 151.028
1427 126.216
226 98.3054
1706 336.891
1845 96.9465
1901 69.1109
467 74.0233
531 120.216
1685 36.2815
1084 215.155
1644 324.106
1400 106.677
1536 128.999
530 175.477
1350 115.867
440 294.724
1015 58.2091
170 218.45
40 276.91
424 213.179
1280 88.7689
533 96.56
1637 171.221
15 57.6565
1342 100.642
1129 94.5522
634 72.0309
823 113.997
1976 134.096
1279 77.7379
1974 259.17
1603 92.7493
1562 64.1747
394 175.877
5 89.8446
1591 90.5768
1731 176.389
219 92.459
456 85.107
643 64.4983
1859 146.2
1432 76.4534
1867 107.571
1911 175.65
846 110.666
716 125.237
1151 240.051
110 93.5176
131 93.9172
1428 131.95
965 102.346
1210 290.743
1921 415.527
1022 70.3328
1453 135.508
788 65.8562
1273 77.2485
1484 164.464
880 114.249
575 113.387
1995 80.8151
1248 176.231
778 196.737
825 94.9225
435 518.831
470 96.7902
1841 217.938
1179 194.208
752 71.8932
1191 102.861
332 91.7059
1033 129.535
1174 239.222
1580 93.465
232 489.831
1458 131.351
590 82.9119
1567 295.086
286 299.069
1073 142.94
1640 84.5182
1689 240.454
581 84.9308
1466 202.571
328 72.5504
1891 153.179
573 63.4169
1116 331.791
1509 26.2656
1683 95.8248
398 253.976
1836 83.9733
209 142.561
1559 279.679
1680 56.8406
1091 173.41
661 64.1683
565 95.8825
1989 127.385
903 147.401
1666 330.894
951 60.026
592 273.354
821 99.6218
461 130.67
943 84.9354
816 101.168
1602 123.481
663 96.4056
1823 9.61944
1646 293.067
924 53.9418
588 77.7244
1030 100.878
996 244.53
941 84.7494
853 610.588
1957 155.182
1394 114.523
1233 84.2856
1420 135.069
1902 287.728
1556 429.133
1028 28.5658
854 56.8496
1331 205.923
874 72.9651
1330 56.4176
1065 185.233
196 89.3879
1790 127.144
1064 97.1592
1852 194.141
1488 256.386
1958 322.316
543 120.317
239 244.898
1287 105.477
274 599.422
876 153.266
526 38.2125
1764 168.714
1681 134.514
622 96.391
770 138.568
357 105.927
1710 83.7025
1601 75.8618
1827 266.357
120 113.991
1590 98.3002
1161 94.2604
593 121.133
1334 193.204
1516 98.9522
1373 69.2389
350 72.5539
1826 92.9224
749 147.585
1376 226.266
671 130.716
387 111.781
1036 122.27
657 162.101
1775 135.603
734 65.9495
867 235.487
1412 71.8334
361 142.359
638 100.038
1102 53.1692
971 207.431
386 91.4577
1001 86.0933
1720 38.8836
1643 186.531
1941 151.446
1187 154.469
1207 169.141
168 217.084
732 154.346
1961 127.905
1108 113.257
1620 117.271
1298 132.132
691 144.585
1380 156.551
255 315.918
1386 263.857
1537 184.867
1774 314.619
1954 236.929
389 126.48
518 204.69
1895 55.1098
1550 92.4317
1165 111.149
1368 62.0552
596 68.4878
1125 142.401
246 172.638
388 114.477
998 120.427
175 136.708
1585 109.532
94 92.076
829 104.291
477 56.2832
1803 250.542
772 224.793
290 84.1666
60 97.3019
263 115.554
1082 93.2247
1759 160.751
1870 88.6422
403 291.94
1563 223.6
743 190.774
182 122.482
524 66.3135
1865 80.1436
1476 130.773
1042 242.561
1506 57.7043
216 552.856
95 147.523
1323 127.697
161 68.8457
1860 270.414
1134 233.63
2 111.037
323 66.1037
989 197.321
745 114.182
1886 157.626
1482 378.792
519 130.856
1014 85.2544
1712 54.0597
1226 152.216
269 112.507
933 751.11
294 91.7437
87 596.216
731 220.591
714 328.923
1896 81.2871
7 71.629
1039 87.9921
1055 80.0402
1409 153.489
721 44.3492
158 126.604
431 82.3009
261 131.125
1222 98.1855
1552 191.011
1732 27.1217
314 136.143
790 88.1108
1057 72.7954
988 120.161
567 208.681
222 125.453
921 109.809
1501 176.368
1655 46.0312
1508 75.515
973 106.651
1884 71.6407
49 85.4219
888 158.43
1008 95.5127
1618 201.52
1532 188.537
1600 59.7269
547 128.915
26 80.0055
1083 143.623
1700 71.0762
106 142.117
501 224.722
1881 270.265
728 342.454
1348 129.923
936 150.439
1080 89.1038
1673 81.9742
1513 117.885
405 196.474
901 52.4274
468 62.8752
1088 55.5896
527 644.839
1317 124.243
96 186.168
1888 32.6619
156 112.551
220 131.227
1977 170.082
1918 150.595
1311 156.43
36 217.783
1451 121.748
1662 331.119
813 219.143
375 53.3025
1118 83.9734
781 81.5687
1299 76.5621
1718 199.069
1139 60.6393
287 98.7875
325 305.527
1197 62.3262
1876 195.092
1444 202.457
862 58.3691
915 328.792
1110 57.6279
241 66.6564
1349 434.92
369 332.907
1579 220.277
1026 149.496
1581 98.8033
585 76.7301
1242 22.1716
1726 179.804
1324 169.881
277 445.459
619 109.343
1392 93.393
123 434.149
1276 81.2419
1533 117.956
415 116.876
1523 187.366
1411 281.401
1362 117.955
1423 206.09
1103 374.032
1595 124.514
240 104.178
1908 57.0819
10 49.2696
1625 167.124
559 128.982
1012 102.667
178 95.439
834 126.182
1154 34.2742
1172 111.709
1849 476.661
1626 198.776
59 175.073
193 23.29
475 27.9022
497 65.5936
1988 102.135
1087 108.931
1474 66.1487
564 281.504
1628 2843.77
1715 46.4792
1874 143.974
709 89.4175
54 318.406
1374 49.7332
1573 93.3268
1312 146.95
1243 175.188
1967 13.4391
947 97.1337
1316 102.918
739 146.98
93 85.367
1747 135.766
1188 77.3767
1820 1197.14
669 162.116
1127 145.839
486 43.9957
1571 113.789
811 46.2421
257 97.3869
1932 99.0488
1117 192.659
1493 261.246
99 280.42
298 218.74
1597 43.3605
192 183.666
157 64.4417
1443 156.859
1807 44.2601
1094 112.001
464 471.923
1225 512.319
1292 125.533
818 30.9075
1183 132.426
782 80.1365
258 65.9541
417 202.422
37 56.792
932 43.4654
861 168.926
1095 92.9539
1438 125.519
702 37.9054
1130 106.239
1101 265.7
719 168.948
1452 198.521
243 203.55
418 62.752
627 299.747
599 240.703
1106 41.309
1811 112.62
885 77.1879
1123 61.2554
279 85.7883
1609 267.536
598 62.8783
869 252.326
1019 43.5391
85 145.606
674 152.557
293 107.505
656 88.8153
1950 167.634
185 185.845
238 198.286
660 146.628
1789 295.449
796 143.53
1480 100.328
322 202.765
930 161.847
481 140.092
1598 80.4061
795 137.857
922 130.109
1707 63.9888
662 94.4433
1339 109.878
454 153.477
1561 55.3624
463 164.658
1862 104.181
1518 113.312
1434 93.55
1527 392.42
1351 69.534
1086 152.847
125 94.2165
422 168.94
1326 109.126
1606 49.5687
701 132.343
358 173.069
280 193.867
138 116.581
1914 69.9508
460 53.8119
1353 192.847
1671 165.586
1557 171.192
343 221.264
523 22.0925
789 46.1438
267 87.6829
1050 55.0876
1622 357.15
55 91.6992
340 288.334
1271 81.3907
549 106.33
1755 204.523
1429 41.8693
283 40.0124
292 195.728
121 62.6482
1236 68.309
1332 91.3807
1651 84.2212
1398 133.781
1926 387.885
733 221.453
385 187.334
913 80.06
1203 169.717
359 228.605
474 153.824
288 74.063
628 168.706
1806 170.286
20 136.007
1838 234.513
1528 38.1641
495 134.041
410 24.4648
1875 198.201
1479 88.5493
762 119.823
1843 123.283
1377 69.7257
710 75.6196
428 66.295
562 61.5274
1011 152.289
860 267.169
938 104.881
1232 86.6531
136 75.6867
396 127.955
875 210.551
498 83.8261
889 85.0229
393 182.848
1763 52.287
22 29.8899
1753 50.1077
511 110.603
61 144.901
525 121.974
647 121.268
1338 216.355
1744 570.269
694 384.205
1347 152.876
203 116.072
536 169.789
1137 81.2757
299 38.105
1819 132.699
1752 167.79
1992 81.6983
993 196.73
57 1703.95
1778 125.104
741 446.247
302 86.2016
1898 23.9325
1748 41.9726
1141 271.743
1144 68.8559
1200 199.107
304 181.24
1483 281.234
1449 112.3
236 54.2925
925 93.169
538 108.505
200 61.9612
1034 228.125
1189 434.271
1076 72.7811
406 182.499
1861 81.7191
542 82.5835
1397 72.9683
1382 174.712
329 166.385
1152 201.547
368 183.529
214 260.228
1251 305.766
310 43.0162
1586 76.6862
1460 564.31
1568 95.8217
1575 148.639
1421 156.333
317 168.025
755 125.765
1366 113.506
443 42.2574
505 146.113
231 74.7042
68 124.699
1286 185.259
1278 84.4971
452 56.894
1485 65.8389
372 61.5415
1186 123.71
33 434.603
1757 62.8897
630 160.349
1340 158.489
133 340.453
584 68.6373
1399 124.801
1162 22.0053
426 71.7498
1762 162.364
896 516.326
890 1176.51
510 225.342
556 262.628
1272 158.447
381 86.2498
75 75.3346
1385 67.9265
1358 60.7742
163 110.003
1283 103.773
1401 52.3897
787 233.712
206 149.461
1109 128.829
800 121.318
546 96.9084
176 141.222
82 154.132
1903 112.41
265 50.2157
759 135.071
1364 279.7
18 151.003
537 112.511
1587 111.942
41 113.139
1641 285.961
1387 146.322
1663 95.4361
1035 102.812
847 80.8307
1642 64.3684
1093 193.215
766 146.755
1968 92.912
1361 158.077
1795 349.108
928 82.2972
517 87.5501
1564 53.6744
926 141.087
111 189.564
774 301.498
506 204.807
1431 391.802
1866 62.9574
1126 157.626
613 217.08
1993 137.332
346 109.076
1809 103.774
894 124.926
1548 116.288
1075 114.416
1318 55.653
1049 38.024
1490 132.299
1999 87.3355
248 64.8196
1511 132.517
723 71.5436
1119 71.3494
306 135.918
1313 210.499
1674 93.198
1470 113.452
1802 47.0436
1176 94.2455
154 160.291
1687 51.5164
397 103.333
986 40.5889
1632 95.0253
1635 68.1514
1633 121.638
165 141.079
344 119.139
1834 53.4744
1797 57.2357
1897 335.492
895 97.8861
318 176.818
409 117.675
48 478.43
737 154.957
512 154.822
685 127.927
1314 247.665
250 60.1096
473 20.9851
1354 383.098
181 77.8824
1100 163.006
1812 130.056
1250 91.1242
308 107.443
1296 253.772
612 330.345
1791 126.016
331 159.75
852 175.253
437 98.2018
1736 29.4947
817 67.4886
955 46.6204
24 149.973
1032 124.477
1181 76.729
421 127.31
1437 234.074
448 94.7504
1294 100.298
100 140.28
561 16.9319
609 112.701
1140 111.085
104 157.128
1473 213.726
1048 121.778
493 112.056
1291 225.767
763 90.8355
881 114.31
354 57.3695
1722 121.709
1608 85.9961
1578 85.5876
51 131.878
1623 482.362
1212 130.827
118 96.7187
1634 92.7556
1541 81.2491
251 218.838
1530 73.6845
333 155.413
764 69.8449
89 252.823
780 281.295
833 124.762
1717 52.6336
1202 219.973
1410 175.672
1206 119.235
1336 104.706
190 43.2703
413 610.065
651 181.818
352 60.5314
129 371.359
43 293.198
952 153.908
1004 110.788
1614 125.53
130 93.8367
307 31.9559
450 283.401
1477 388.113
500 125.013
1192 81.9521
1805 90.0019
1500 121.179
71 580.669
91 192.756
785 93.1189
1588 76.0493
1882 197.306
683 61.0936
1063 66.9825
162 120.567
540 155.95
1023 71.156
1946 28.8875
639 150.335
1978 76.9672
1787 114.889
1938 264.209
1832 97.3675
1464 360.757
1295 1070.43
503 113.172
1240 77.9935
491 100.33
215 52.8836
187 96.9316
1916 127.123
345 210.392
1257 188.115
1053 69.4943
1756 140.061
1848 71.7244
758 82.3333
271 425.361
1072 72.9493
725 53.85
919 43.4254
1657 197.62
1675 106.101
1959 280.957
1145 203.236
482 54.9012
31 203.431
1107 307.944
1142 132.815
906 90.2401
747 160.305
253 53.4936
234 173.658
1535 119.01
686 130.541
327 175.562
1982 78.3973
1810 104.699
1227 120.973
750 86.9874
845 78.998
1469 103.621
631 16.8246
1742 271.72
1768 46.8898
742 51.9165
548 101.139
1942 155.829
1773 48.0196
1081 77.4955
977 147.303
1195 133.115
1924 110.419
1724 190.124
799 199.864
1029 63.5235
1204 181.482
1676 789.978
1309 377.516
872 135.814
738 110.701
1237 81.8172
1906 58.4065
1709 242.836
1038 341.84
1616 53.0238
791 151.8
967 129.383
784 77.407
98 46.7403
607 289.451
8 247.776
1238 69.507
1306 72.2817
1572 144.531
1910 836.116
1325 643.032
1733 74.7029
1822 337.565
1220 253.533
504 48.6246
635 87.9294
1701 42.4917
1415 87.7878
645 57.7319
953 166.707
1497 110.316
580 58.8974
1388 140.957
471 571.048
1472 134.767
128 281.97
1966 222.978
1786 110.533
1009 69.192
735 115.983
1970 125.506
884 357.181
655 169.654
1463 140.177
1569 146.955
174 173.474
1899 49.3407
779 113.469
1430 135.021
1912 31.2462
1944 320.4
659 65.5543
1613 128.585
1962 77.8751
1005 104.874
1515 61.0952
469 91.3244
1320 69.4853
1566 42.6316
227 65.0988
1321 786.521
1027 37.8523
134 144.339
376 85.7941
1887 104.113
1416 184.74
1462 52.5599
17 90.1395
1517 167.534
74 86.1467
1885 74.7939
1343 288.74
724 118.734
324 115.952
1948 66.6953
1495 151.645
767 97.8363
453 72.5112
830 222.038
347 407.181
169 89.5289
907 82.2711
395 59.1019
652 115.578
1496 86.9233
1667 157.191
1879 234.535
173 186.356
1289 138.976
677 78.3441
1544 89.5976
1851 95.7983
572 68.1618
282 205.274
362 74.4928
1372 702.031
812 66.284
1519 55.5289
489 81.7165
696 83.7043
1395 357.276
594 154.046
711 158.121
1743 125.488
1833 60.6518
341 106.75
69 82.6061
1113 106.198
1863 101.521
753 151.276
916 58.5905
143 144.883
1379 18.949
1973 86.773
171 268.811
1920 219.557
1779 139.766
1487 98.2581
699 0.260001
1253 77.1772
339 67.0618
1077 62.8714
1369 114.872
164 130.457
1893 96.2082
166 130.317
1878 103.505
1217 101.412
1010 99.8376
670 328.986
1405 47.4776
0 230.777
1031 78.4161
1728 111.106
1078 60.8903
648 83.6059
1889 198.007
1079 72.6344
718 193.606
159 110.751
1061 90.0372
740 88.0233
1525 43.4812
1785 379.154
1735 39.2013
840 41.3334
483 201.619
1940 167.685
637 317.707
1121 137.356
1328 66.8397
1979 93.4861
445 82.6521
88 69.7696
539 103.031
616 66.3049
983 147.547
1419 102.4
1872 99.3102
1099 77.4256
1229 86.49
1297 159.545
1360 105.828
1504 54.0194
1972 61.6159
1953 553.713
244 83.3354
315 167.012
1270 211.3
230 81.5328
35 84.7854
902 42.0983
1149 378.589
1986 76.4048
1300 186.2
289 63.2909
212 68.5691
703 44.8348
1917 9.40995
1817 197.872
1704 79.309
554 58.6731
1814 72.6242
1669 737.865
124 73.2595
654 85.6922
1370 61.6437
771 175.41
1990 100.71
516 2971.7
909 200.651
617 100.772
1545 70.0156
1538 735.716
204 107.875
642 112.483
1381 60.4782
313 160.871
1115 222.819
803 114.641
865 95.8261
149 101.25
1378 198.061
1344 128.728
1285 89.5909
382 56.7466
1695 84.8503
985 126.824
1576 47.6249
798 651.167
751 56.0962
509 64.2908
1054 116.098
970 138.712
105 69.2215
1750 283.489
416 41.1614
1708 241.422
975 83.0983
1122 777.41
1798 94.3176
1199 77.9336
1765 94.1442
63 135.826
571 405.96
480 80.342
1734 90.2298
987 449.805
373 85.2875
419 117.578
1267 301.613
338 142.594
879 57.6787
1471 309.896
1163 39.2888
1282 240.638
636 160.718
838 187.658
